rd53_138
0.0 132.0 171.0 70.0 13.0 0.0025 
4gt13-v1_93
0.0 68.0 68.0 39.0 0.0 0.001614 
mod5mils_65
0.0 35.0 35.0 21.0 0.0 0.001031 
mod5d1_63
0.0 22.0 22.0 13.0 0.0 0.000818 
sym10_262
0.0 64283.0 86642.0 41869.0 7453.0 1.955877 
aj-e11_165
0.0 151.0 175.0 95.0 8.0 0.010938 
hwb9_119
0.0 207775.0 275359.0 131222.0 22528.0 14.277868 
4gt11_83
0.0 23.0 23.0 16.0 0.0 0.028085 
cm42a_207
0.0 1776.0 2208.0 1078.0 144.0 0.039709 
4gt4-v0_72
0.0 258.0 321.0 183.0 21.0 0.011849 
max46_240
0.0 27126.0 35193.0 17001.0 2689.0 0.915048 
dc2_222
0.0 9462.0 13065.0 6412.0 1201.0 0.276958 
sym9_193
0.0 34881.0 44823.0 21215.0 3314.0 0.858552 
rd53_135
0.0 296.0 416.0 200.0 40.0 0.015117 
mod10_171
0.0 244.0 304.0 161.0 20.0 0.014697 
ising_model_13
0.0 633.0 633.0 47.0 0.0 0.007284 
adr4_197
0.0 3439.0 4699.0 2360.0 420.0 0.111076 
4gt11_84
0.0 18.0 18.0 11.0 0.0 0.00065 
4gt11_82
0.0 27.0 30.0 21.0 1.0 0.001194 
wim_266
0.0 986.0 1271.0 630.0 95.0 0.040796 
rd53_131
0.0 469.0 589.0 303.0 40.0 0.018053 
mod8-10_177
0.0 440.0 566.0 319.0 42.0 0.01687 
4gt10-v1_81
0.0 148.0 178.0 93.0 10.0 0.005407 
alu-v1_28
0.0 37.0 43.0 22.0 2.0 0.003465 
cnt3-5_179
0.0 175.0 196.0 61.0 7.0 0.004159 
square_root_7
0.0 7630.0 9463.0 4331.0 611.0 0.208758 
one-two-three-v1_99
0.0 132.0 165.0 76.0 11.0 0.003234 
mini_alu_305
0.0 173.0 209.0 80.0 12.0 0.014515 
rd53_311
0.0 275.0 353.0 152.0 26.0 0.007343 
3_17_13
0.0 36.0 36.0 22.0 0.0 0.001375 
rd73_252
0.0 5321.0 6818.0 3185.0 499.0 0.298787 
4gt4-v0_80
0.0 179.0 191.0 104.0 4.0 0.00841 
hwb7_59
0.0 24379.0 31630.0 16684.0 2417.0 0.694535 
ham3_102
0.0 20.0 20.0 13.0 0.0 0.002634 
cnt3-5_180
0.0 485.0 575.0 212.0 30.0 0.008631 
rd53_133
0.0 580.0 808.0 396.0 76.0 0.020622 
4mod7-v0_94
0.0 162.0 210.0 140.0 16.0 0.006727 
plus63mod4096_163
0.0 128744.0 183641.0 87099.0 18299.0 3.967033 
mini-alu_167
0.0 288.0 327.0 168.0 13.0 0.023029 
root_255
0.0 17159.0 23006.0 10905.0 1949.0 0.469816 
z4_268
0.0 3073.0 4132.0 1888.0 353.0 0.102624 
majority_239
0.0 612.0 774.0 456.0 54.0 0.013473 
ex2_227
0.0 631.0 763.0 401.0 44.0 0.018988 
urf2_277
0.0 20112.0 29880.0 15882.0 3256.0 0.725813 
one-two-three-v3_101
0.0 70.0 79.0 48.0 3.0 0.003855 
4gt13_91
0.0 103.0 109.0 61.0 2.0 0.008486 
4gt12-v1_89
0.0 228.0 240.0 133.0 4.0 0.004086 
sqrt8_260
0.0 3009.0 4095.0 1903.0 362.0 0.103703 
rd32-v0_66
0.0 34.0 34.0 20.0 0.0 0.001178 
sym9_148
0.0 21504.0 27465.0 14341.0 1987.0 0.643113 
4gt5_75
0.0 83.0 92.0 54.0 3.0 0.005667 
0410184_169
0.0 211.0 217.0 104.0 2.0 0.003294 
urf2_152
0.0 80480.0 111875.0 59564.0 10465.0 2.283154 
urf1_278
0.0 54766.0 79363.0 39273.0 8199.0 1.841004 
sym6_145
0.0 3888.0 4854.0 2689.0 322.0 0.107819 
alu-v2_32
0.0 163.0 226.0 119.0 21.0 0.005173 
4gt12-v0_88
0.0 194.0 221.0 114.0 9.0 0.005755 
squar5_261
0.0 1993.0 2458.0 1208.0 155.0 0.046571 
alu-v2_31
0.0 451.0 568.0 266.0 39.0 0.022544 
hwb5_53
0.0 1336.0 1816.0 1024.0 160.0 0.036702 
one-two-three-v2_100
0.0 69.0 78.0 43.0 3.0 0.002136 
cycle10_2_110
0.0 6050.0 8462.0 3970.0 804.0 0.193991 
urf6_160
0.0 171840.0 246828.0 112531.0 24996.0 5.693702 
ising_model_10
0.0 480.0 480.0 45.0 0.0 0.028743 
sys6-v0_111
0.0 215.0 272.0 111.0 19.0 0.022274 
plus63mod8192_164
0.0 187112.0 265208.0 130824.0 26032.0 5.53888 
mod5adder_127
0.0 555.0 618.0 330.0 21.0 0.038966 
rd73_140
0.0 230.0 311.0 137.0 27.0 0.011494 
4mod5-v1_23
0.0 69.0 84.0 42.0 5.0 0.004756 
graycode6_47
0.0 5.0 5.0 5.0 0.0 0.000647 
ising_model_16
0.0 786.0 786.0 52.0 0.0 0.005462 
ham7_104
0.0 320.0 374.0 214.0 18.0 0.006203 
ex-1_166
0.0 19.0 19.0 12.0 0.0 0.000522 
decod24-v3_45
0.0 150.0 189.0 92.0 13.0 0.013514 
urf4_187
0.0 512064.0 697146.0 328515.0 61694.0 30.161998 
life_238
0.0 22445.0 28538.0 13625.0 2031.0 0.664996 
con1_216
0.0 954.0 1170.0 587.0 72.0 0.029555 
hwb6_56
0.0 6723.0 8853.0 5069.0 710.0 0.17871 
mod10_176
0.0 178.0 253.0 124.0 25.0 0.00555 
ex1_226
0.0 7.0 7.0 5.0 0.0 0.000687 
sf_276
0.0 778.0 802.0 444.0 8.0 0.015214 
cm152a_212
0.0 1221.0 1509.0 716.0 96.0 0.032235 
4gt12-v0_87
0.0 247.0 253.0 131.0 2.0 0.007643 
decod24-enable_126
0.0 338.0 455.0 239.0 39.0 0.013629 
radd_250
0.0 3213.0 4347.0 2285.0 378.0 0.088933 
pm1_249
0.0 1776.0 2208.0 1078.0 144.0 0.076598 
sf_274
0.0 781.0 805.0 448.0 8.0 0.018392 
miller_11
0.0 50.0 50.0 29.0 0.0 0.00092 
rd53_251
0.0 1291.0 1519.0 863.0 76.0 0.036078 
mlp4_245
0.0 18852.0 25893.0 12166.0 2347.0 0.694504 
9symml_195
0.0 34881.0 44823.0 21215.0 3314.0 0.836559 
rd84_142
0.0 343.0 478.0 174.0 45.0 0.028888 
inc_237
0.0 10619.0 13376.0 6697.0 919.0 0.288224 
sqn_258
0.0 10223.0 13892.0 6675.0 1223.0 0.296335 
alu-v2_33
0.0 37.0 43.0 22.0 2.0 0.002274 
sao2_257
0.0 38577.0 51951.0 23731.0 4458.0 1.301385 
co14_215
0.0 17936.0 26378.0 10835.0 2814.0 0.581165 
decod24-v1_41
0.0 85.0 112.0 60.0 9.0 0.010878 
4mod5-v0_20
0.0 20.0 20.0 12.0 0.0 0.001146 
alu-v4_37
0.0 37.0 43.0 22.0 2.0 0.001342 
urf3_155
0.0 423488.0 598910.0 284170.0 58474.0 11.666261 
misex1_241
0.0 4813.0 6076.0 3228.0 421.0 0.248005 
alu-v0_27
0.0 36.0 42.0 21.0 2.0 0.001706 
4mod5-v1_24
0.0 36.0 36.0 21.0 0.0 0.001791 
4mod7-v1_96
0.0 164.0 185.0 99.0 7.0 0.005409 
cm82a_208
0.0 650.0 752.0 408.0 34.0 0.013382 
ham15_107
0.0 8763.0 11952.0 5822.0 1063.0 0.251031 
0example
0.0 9.0 15.0 12.0 2.0 0.001236 
dc1_220
0.0 1914.0 2250.0 1149.0 112.0 0.071765 
4gt4-v1_74
0.0 273.0 300.0 159.0 9.0 0.008434 
rd32-v1_68
0.0 36.0 36.0 21.0 0.0 0.000742 
decod24-v0_38
0.0 51.0 51.0 30.0 0.0 0.001393 
sym6_316
0.0 270.0 372.0 163.0 34.0 0.008283 
alu-v0_26
0.0 84.0 93.0 49.0 3.0 0.003671 
clip_206
0.0 33827.0 46181.0 21550.0 4118.0 0.964635 
4mod5-v0_18
0.0 69.0 81.0 52.0 4.0 0.005201 
cm85a_209
0.0 11414.0 15296.0 7247.0 1294.0 0.354789 
alu-v4_36
0.0 115.0 139.0 66.0 8.0 0.003145 
one-two-three-v0_97
0.0 290.0 419.0 206.0 43.0 0.008036 
4gt13_90
0.0 107.0 116.0 65.0 3.0 0.003697 
mod5d2_64
0.0 53.0 62.0 33.0 3.0 0.003108 
ground_state_estimation_10
0.0 390180.0 420282.0 224224.0 10034.0 8.708757 
C17_204
0.0 467.0 623.0 298.0 52.0 0.073219 
4gt13_92
0.0 66.0 66.0 38.0 0.0 0.001354 
rd53_130
0.0 1043.0 1316.0 726.0 91.0 0.029081 
alu-v3_34
0.0 52.0 58.0 30.0 2.0 0.001573 
decod24-bdd_294
0.0 73.0 94.0 44.0 7.0 0.00246 
4gt5_76
0.0 91.0 115.0 66.0 8.0 0.003896 
sym9_146
0.0 328.0 424.0 157.0 32.0 0.014265 
4mod5-v1_22
0.0 21.0 21.0 12.0 0.0 0.000818 
rd32_270
0.0 84.0 108.0 55.0 8.0 0.00404 
hwb4_49
0.0 233.0 284.0 169.0 17.0 0.005173 
urf5_280
0.0 49829.0 73427.0 38299.0 7866.0 1.694725 
4gt5_77
0.0 131.0 164.0 84.0 11.0 0.008691 
rd84_253
0.0 13658.0 18983.0 9077.0 1775.0 0.446105 
4_49_16
0.0 217.0 259.0 145.0 14.0 0.007029 
qft_10
0.0 200.0 257.0 77.0 19.0 0.013244 
4mod5-bdd_287
0.0 70.0 88.0 58.0 6.0 0.003983 
qft_16
0.0 512.0 734.0 190.0 74.0 0.060601 
urf1_149
0.0 184864.0 262510.0 130416.0 25882.0 5.319144 
urf5_158
0.0 164416.0 222838.0 106589.0 19474.0 4.390602 
urf3_279
0.0 125362.0 184396.0 90811.0 19678.0 8.877805 
4gt12-v0_86
0.0 251.0 260.0 135.0 3.0 0.028266 
4gt4-v0_73
0.0 395.0 539.0 313.0 48.0 0.014075 
alu-v1_29
0.0 37.0 43.0 22.0 2.0 0.000979 
alu-bdd_288
0.0 84.0 108.0 65.0 8.0 0.009893 
decod24-v2_43
0.0 52.0 52.0 30.0 0.0 0.001651 
mod8-10_178
0.0 342.0 387.0 196.0 15.0 0.0102 
one-two-three-v0_98
0.0 146.0 179.0 86.0 11.0 0.006885 
4gt4-v0_78
0.0 235.0 250.0 137.0 5.0 0.005173 
4mod5-v0_19
0.0 35.0 35.0 21.0 0.0 0.000733 
alu-v2_30
0.0 504.0 684.0 356.0 60.0 0.020344 
alu-v3_35
0.0 37.0 43.0 22.0 2.0 0.0015 
dist_223
0.0 38046.0 52590.0 24537.0 4848.0 3.163694 
4gt4-v0_79
0.0 231.0 243.0 132.0 4.0 0.007541 
hwb8_113
0.0 69380.0 95108.0 46965.0 8576.0 2.089484 
ex3_229
0.0 403.0 436.0 235.0 11.0 0.01588 
xor5_254
0.0 7.0 7.0 5.0 0.0 0.000542 
f2_232
0.0 1206.0 1359.0 680.0 51.0 0.076808 
