rd53_138
0.0 132.0 192.0 100.0 20.0 0.005614 
4gt13-v1_93
0.0 68.0 101.0 45.0 11.0 0.005942 
mod5mils_65
0.0 35.0 59.0 24.0 8.0 0.00164 
mod5d1_63
0.0 22.0 43.0 20.0 7.0 0.00319 
aj-e11_165
0.0 151.0 238.0 127.0 29.0 0.018595 
4gt11_83
0.0 23.0 59.0 36.0 12.0 0.049636 
cm42a_207
0.0 1776.0 2217.0 1021.0 147.0 0.044725 
4gt4-v0_72
0.0 258.0 354.0 143.0 32.0 0.009148 
rd53_135
0.0 296.0 440.0 181.0 48.0 0.014656 
mod10_171
0.0 244.0 325.0 143.0 27.0 0.004339 
4gt11_84
0.0 18.0 45.0 26.0 9.0 0.001383 
4gt11_82
0.0 27.0 75.0 48.0 16.0 0.00154 
wim_266
0.0 986.0 1247.0 617.0 87.0 0.026248 
rd53_131
0.0 469.0 637.0 290.0 56.0 0.015936 
mod8-10_177
0.0 440.0 620.0 266.0 60.0 0.014245 
4gt10-v1_81
0.0 148.0 217.0 92.0 23.0 0.0036 
alu-v1_28
0.0 37.0 61.0 37.0 8.0 0.001741 
cnt3-5_179
0.0 175.0 283.0 90.0 36.0 0.016398 
one-two-three-v1_99
0.0 132.0 231.0 100.0 33.0 0.005681 
mini_alu_305
0.0 173.0 248.0 104.0 25.0 0.009048 
rd53_311
0.0 275.0 497.0 237.0 74.0 0.017083 
3_17_13
0.0 36.0 57.0 45.0 7.0 0.002533 
4gt4-v0_80
0.0 179.0 272.0 123.0 31.0 0.005452 
hwb7_59
0.0 24379.0 32488.0 13868.0 2703.0 0.569438 
ham3_102
0.0 20.0 29.0 20.0 3.0 0.007302 
cnt3-5_180
0.0 485.0 818.0 347.0 111.0 0.293263 
rd53_133
0.0 580.0 778.0 349.0 66.0 0.01685 
4mod7-v0_94
0.0 162.0 252.0 112.0 30.0 0.008104 
mini-alu_167
0.0 288.0 378.0 171.0 30.0 0.034834 
majority_239
0.0 612.0 756.0 351.0 48.0 0.013367 
ex2_227
0.0 631.0 862.0 375.0 77.0 0.024499 
urf2_277
0.0 20112.0 28143.0 12424.0 2677.0 0.539032 
one-two-three-v3_101
0.0 70.0 130.0 55.0 20.0 0.011272 
4gt13_91
0.0 103.0 118.0 63.0 5.0 0.003685 
4gt12-v1_89
0.0 228.0 402.0 182.0 58.0 0.00704 
sqrt8_260
0.0 3009.0 4110.0 1911.0 367.0 0.091685 
rd32-v0_66
0.0 34.0 58.0 31.0 8.0 0.003078 
4gt5_75
0.0 83.0 140.0 63.0 19.0 0.005223 
0410184_169
0.0 211.0 322.0 121.0 37.0 0.020331 
urf2_152
0.0 80480.0 114536.0 46171.0 11352.0 2.080445 
sym6_145
0.0 3888.0 5403.0 2381.0 505.0 0.114247 
alu-v2_32
0.0 163.0 175.0 95.0 4.0 0.005977 
4gt12-v0_88
0.0 194.0 269.0 116.0 25.0 0.005405 
squar5_261
0.0 1993.0 2533.0 1189.0 180.0 0.048029 
alu-v2_31
0.0 451.0 634.0 262.0 61.0 0.013963 
hwb5_53
0.0 1336.0 1759.0 764.0 141.0 0.036331 
one-two-three-v2_100
0.0 69.0 111.0 53.0 14.0 0.003244 
cycle10_2_110
0.0 6050.0 8459.0 3904.0 803.0 0.193366 
ising_model_10
0.0 480.0 546.0 79.0 22.0 0.046509 
sys6-v0_111
0.0 215.0 323.0 122.0 36.0 0.010752 
mod5adder_127
0.0 555.0 780.0 328.0 75.0 0.045782 
rd73_140
0.0 230.0 320.0 172.0 30.0 0.012862 
4mod5-v1_23
0.0 69.0 96.0 46.0 9.0 0.003212 
graycode6_47
0.0 5.0 29.0 18.0 8.0 0.001735 
ham7_104
0.0 320.0 479.0 277.0 53.0 0.010647 
ex-1_166
0.0 19.0 28.0 21.0 3.0 0.001667 
decod24-v3_45
0.0 150.0 195.0 90.0 15.0 0.003131 
con1_216
0.0 954.0 1302.0 670.0 116.0 0.031797 
hwb6_56
0.0 6723.0 8277.0 3741.0 518.0 0.128783 
mod10_176
0.0 178.0 325.0 168.0 49.0 0.010523 
ex1_226
0.0 7.0 22.0 19.0 5.0 0.00176 
sf_276
0.0 778.0 1006.0 484.0 76.0 0.02012 
cm152a_212
0.0 1221.0 1659.0 782.0 146.0 0.032872 
4gt12-v0_87
0.0 247.0 376.0 167.0 43.0 0.011904 
decod24-enable_126
0.0 338.0 539.0 222.0 67.0 0.018366 
radd_250
0.0 3213.0 4233.0 2136.0 340.0 0.088901 
pm1_249
0.0 1776.0 2217.0 1021.0 147.0 0.043603 
sf_274
0.0 781.0 1057.0 450.0 92.0 0.023742 
miller_11
0.0 50.0 77.0 59.0 9.0 0.003524 
rd53_251
0.0 1291.0 1762.0 916.0 157.0 0.027556 
rd84_142
0.0 343.0 511.0 183.0 56.0 0.018837 
alu-v2_33
0.0 37.0 85.0 44.0 16.0 0.002566 
decod24-v1_41
0.0 85.0 160.0 79.0 25.0 0.006095 
4mod5-v0_20
0.0 20.0 41.0 25.0 7.0 0.001164 
alu-v4_37
0.0 37.0 58.0 27.0 7.0 0.002238 
misex1_241
0.0 4813.0 5863.0 3147.0 350.0 0.210603 
alu-v0_27
0.0 36.0 63.0 40.0 9.0 0.003905 
4mod5-v1_24
0.0 36.0 81.0 44.0 15.0 0.00162 
4mod7-v1_96
0.0 164.0 176.0 95.0 4.0 0.002832 
cm82a_208
0.0 650.0 911.0 409.0 87.0 0.022126 
0example
0.0 9.0 30.0 16.0 7.0 0.001896 
dc1_220
0.0 1914.0 2568.0 1270.0 218.0 0.049694 
4gt4-v1_74
0.0 273.0 354.0 163.0 27.0 0.007879 
rd32-v1_68
0.0 36.0 60.0 31.0 8.0 0.001771 
decod24-v0_38
0.0 51.0 66.0 36.0 5.0 0.002279 
sym6_316
0.0 270.0 396.0 189.0 42.0 0.009414 
alu-v0_26
0.0 84.0 117.0 55.0 11.0 0.003772 
4mod5-v0_18
0.0 69.0 90.0 44.0 7.0 0.007242 
alu-v4_36
0.0 115.0 172.0 86.0 19.0 0.006581 
one-two-three-v0_97
0.0 290.0 365.0 172.0 25.0 0.012237 
4gt13_90
0.0 107.0 149.0 68.0 14.0 0.004423 
mod5d2_64
0.0 53.0 92.0 41.0 13.0 0.002527 
C17_204
0.0 467.0 719.0 293.0 84.0 0.109447 
4gt13_92
0.0 66.0 114.0 46.0 16.0 0.002861 
rd53_130
0.0 1043.0 1448.0 662.0 135.0 0.030683 
alu-v3_34
0.0 52.0 103.0 47.0 17.0 0.003058 
decod24-bdd_294
0.0 73.0 124.0 52.0 17.0 0.004686 
4gt5_76
0.0 91.0 157.0 88.0 22.0 0.006665 
sym9_146
0.0 328.0 508.0 192.0 60.0 0.021047 
4mod5-v1_22
0.0 21.0 45.0 25.0 8.0 0.002197 
rd32_270
0.0 84.0 90.0 47.0 2.0 0.002276 
hwb4_49
0.0 233.0 335.0 138.0 34.0 0.008533 
4gt5_77
0.0 131.0 212.0 93.0 27.0 0.01373 
4_49_16
0.0 217.0 301.0 135.0 28.0 0.005817 
qft_10
0.0 200.0 341.0 154.0 47.0 0.024715 
4mod5-bdd_287
0.0 70.0 121.0 50.0 17.0 0.003176 
4gt12-v0_86
0.0 251.0 413.0 178.0 54.0 0.035767 
4gt4-v0_73
0.0 395.0 512.0 233.0 39.0 0.013678 
alu-v1_29
0.0 37.0 64.0 37.0 9.0 0.002007 
alu-bdd_288
0.0 84.0 147.0 89.0 21.0 0.004436 
decod24-v2_43
0.0 52.0 67.0 33.0 5.0 0.002383 
mod8-10_178
0.0 342.0 480.0 200.0 46.0 0.012325 
one-two-three-v0_98
0.0 146.0 239.0 115.0 31.0 0.00712 
4gt4-v0_78
0.0 235.0 382.0 168.0 49.0 0.011046 
4mod5-v0_19
0.0 35.0 53.0 27.0 6.0 0.00126 
alu-v2_30
0.0 504.0 759.0 312.0 85.0 0.015974 
alu-v3_35
0.0 37.0 70.0 34.0 11.0 0.002019 
4gt4-v0_79
0.0 231.0 333.0 162.0 34.0 0.011542 
ex3_229
0.0 403.0 595.0 248.0 64.0 0.023014 
xor5_254
0.0 7.0 22.0 19.0 5.0 0.001962 
f2_232
0.0 1206.0 1710.0 859.0 168.0 0.030498 
