rd53_138
0.0 132.0 195.0 99.0 21.0 0.005823 
4gt13-v1_93
0.0 68.0 92.0 45.0 8.0 0.007758 
mod5mils_65
0.0 35.0 71.0 30.0 12.0 0.002178 
mod5d1_63
0.0 22.0 43.0 19.0 7.0 0.004412 
aj-e11_165
0.0 151.0 223.0 133.0 24.0 0.013007 
4gt11_83
0.0 23.0 59.0 36.0 12.0 0.047927 
cm42a_207
0.0 1776.0 2262.0 1069.0 162.0 0.04258 
4gt4-v0_72
0.0 258.0 354.0 143.0 32.0 0.007511 
rd53_135
0.0 296.0 479.0 220.0 61.0 0.01364 
mod10_171
0.0 244.0 325.0 143.0 27.0 0.004294 
4gt11_84
0.0 18.0 45.0 26.0 9.0 0.001778 
4gt11_82
0.0 27.0 75.0 48.0 16.0 0.001708 
wim_266
0.0 986.0 1238.0 608.0 84.0 0.041296 
rd53_131
0.0 469.0 637.0 290.0 56.0 0.012938 
mod8-10_177
0.0 440.0 701.0 266.0 87.0 0.011194 
4gt10-v1_81
0.0 148.0 199.0 104.0 17.0 0.005867 
alu-v1_28
0.0 37.0 61.0 37.0 8.0 0.003521 
cnt3-5_179
0.0 175.0 274.0 93.0 33.0 0.014455 
one-two-three-v1_99
0.0 132.0 231.0 94.0 33.0 0.005691 
mini_alu_305
0.0 173.0 260.0 124.0 29.0 0.007745 
rd53_311
0.0 275.0 506.0 265.0 77.0 0.011718 
3_17_13
0.0 36.0 57.0 45.0 7.0 0.001921 
4gt4-v0_80
0.0 179.0 272.0 123.0 31.0 0.005687 
hwb7_59
0.0 24379.0 31189.0 16268.0 2270.0 0.555422 
ham3_102
0.0 20.0 29.0 20.0 3.0 0.00716 
cnt3-5_180
0.0 485.0 842.0 343.0 119.0 0.027261 
rd53_133
0.0 580.0 778.0 349.0 66.0 0.016183 
4mod7-v0_94
0.0 162.0 255.0 107.0 31.0 0.006797 
mini-alu_167
0.0 288.0 396.0 171.0 36.0 0.023297 
majority_239
0.0 612.0 738.0 351.0 42.0 0.014271 
ex2_227
0.0 631.0 859.0 387.0 76.0 0.021923 
urf2_277
0.0 20112.0 26850.0 11548.0 2246.0 0.498355 
one-two-three-v3_101
0.0 70.0 130.0 55.0 20.0 0.010292 
4gt13_91
0.0 103.0 118.0 63.0 5.0 0.004117 
4gt12-v1_89
0.0 228.0 414.0 188.0 62.0 0.006719 
sqrt8_260
0.0 3009.0 3960.0 1929.0 317.0 0.093705 
rd32-v0_66
0.0 34.0 58.0 31.0 8.0 0.002354 
4gt5_75
0.0 83.0 140.0 63.0 19.0 0.004813 
0410184_169
0.0 211.0 337.0 116.0 42.0 0.019059 
urf2_152
0.0 80480.0 110909.0 47249.0 10143.0 2.613935 
sym6_145
0.0 3888.0 5034.0 2277.0 382.0 0.093599 
alu-v2_32
0.0 163.0 175.0 95.0 4.0 0.003911 
4gt12-v0_88
0.0 194.0 269.0 116.0 25.0 0.00474 
squar5_261
0.0 1993.0 2563.0 1272.0 190.0 0.04983 
alu-v2_31
0.0 451.0 826.0 373.0 125.0 0.01586 
hwb5_53
0.0 1336.0 1759.0 764.0 141.0 0.035609 
one-two-three-v2_100
0.0 69.0 111.0 63.0 14.0 0.003058 
cycle10_2_110
0.0 6050.0 8276.0 3839.0 742.0 0.188822 
ising_model_10
0.0 480.0 552.0 81.0 24.0 0.033386 
sys6-v0_111
0.0 215.0 323.0 135.0 36.0 0.013934 
mod5adder_127
0.0 555.0 765.0 328.0 70.0 0.043279 
rd73_140
0.0 230.0 314.0 157.0 28.0 0.009215 
4mod5-v1_23
0.0 69.0 96.0 46.0 9.0 0.00236 
graycode6_47
0.0 5.0 29.0 21.0 8.0 0.001519 
ham7_104
0.0 320.0 479.0 277.0 53.0 0.011903 
ex-1_166
0.0 19.0 28.0 21.0 3.0 0.001039 
decod24-v3_45
0.0 150.0 216.0 92.0 22.0 0.006437 
con1_216
0.0 954.0 1308.0 650.0 118.0 0.03148 
hwb6_56
0.0 6723.0 8277.0 3741.0 518.0 0.126509 
mod10_176
0.0 178.0 325.0 168.0 49.0 0.004833 
ex1_226
0.0 7.0 22.0 19.0 5.0 0.001275 
sf_276
0.0 778.0 1006.0 484.0 76.0 0.019541 
cm152a_212
0.0 1221.0 1653.0 747.0 144.0 0.036183 
4gt12-v0_87
0.0 247.0 373.0 170.0 42.0 0.012087 
decod24-enable_126
0.0 338.0 500.0 214.0 54.0 0.015128 
radd_250
0.0 3213.0 4296.0 2229.0 361.0 0.098431 
pm1_249
0.0 1776.0 2262.0 1069.0 162.0 0.044722 
sf_274
0.0 781.0 1057.0 450.0 92.0 0.023727 
miller_11
0.0 50.0 77.0 59.0 9.0 0.001407 
rd53_251
0.0 1291.0 1771.0 927.0 160.0 0.031597 
rd84_142
0.0 343.0 517.0 185.0 58.0 0.019914 
alu-v2_33
0.0 37.0 85.0 44.0 16.0 0.004663 
decod24-v1_41
0.0 85.0 166.0 64.0 27.0 0.005688 
4mod5-v0_20
0.0 20.0 41.0 25.0 7.0 0.001441 
alu-v4_37
0.0 37.0 58.0 27.0 7.0 0.001896 
misex1_241
0.0 4813.0 5911.0 2951.0 366.0 0.195873 
alu-v0_27
0.0 36.0 69.0 50.0 11.0 0.003389 
4mod5-v1_24
0.0 36.0 81.0 40.0 15.0 0.002011 
4mod7-v1_96
0.0 164.0 176.0 95.0 4.0 0.003788 
cm82a_208
0.0 650.0 911.0 416.0 87.0 0.018467 
0example
0.0 9.0 30.0 16.0 7.0 0.001973 
dc1_220
0.0 1914.0 2565.0 1224.0 217.0 0.043028 
4gt4-v1_74
0.0 273.0 444.0 158.0 57.0 0.007967 
rd32-v1_68
0.0 36.0 60.0 31.0 8.0 0.001514 
decod24-v0_38
0.0 51.0 66.0 36.0 5.0 0.001684 
sym6_316
0.0 270.0 396.0 189.0 42.0 0.012212 
alu-v0_26
0.0 84.0 117.0 55.0 11.0 0.003176 
4mod5-v0_18
0.0 69.0 90.0 44.0 7.0 0.007579 
alu-v4_36
0.0 115.0 178.0 94.0 21.0 0.007004 
one-two-three-v0_97
0.0 290.0 365.0 172.0 25.0 0.009422 
4gt13_90
0.0 107.0 149.0 68.0 14.0 0.004424 
mod5d2_64
0.0 53.0 92.0 41.0 13.0 0.002974 
C17_204
0.0 467.0 725.0 297.0 86.0 0.126261 
4gt13_92
0.0 66.0 114.0 46.0 16.0 0.002398 
rd53_130
0.0 1043.0 1433.0 647.0 130.0 0.033418 
alu-v3_34
0.0 52.0 103.0 47.0 17.0 0.002569 
decod24-bdd_294
0.0 73.0 124.0 52.0 17.0 0.002794 
4gt5_76
0.0 91.0 157.0 88.0 22.0 0.004776 
sym9_146
0.0 328.0 505.0 186.0 59.0 0.020635 
4mod5-v1_22
0.0 21.0 45.0 34.0 8.0 0.002562 
rd32_270
0.0 84.0 90.0 47.0 2.0 0.003273 
hwb4_49
0.0 233.0 335.0 138.0 34.0 0.004505 
4gt5_77
0.0 131.0 227.0 109.0 32.0 0.014864 
4_49_16
0.0 217.0 301.0 135.0 28.0 0.00646 
qft_10
0.0 200.0 320.0 118.0 40.0 0.014044 
4mod5-bdd_287
0.0 70.0 121.0 50.0 17.0 0.004556 
4gt12-v0_86
0.0 251.0 413.0 178.0 54.0 0.036676 
4gt4-v0_73
0.0 395.0 512.0 233.0 39.0 0.010692 
alu-v1_29
0.0 37.0 70.0 46.0 11.0 0.002404 
alu-bdd_288
0.0 84.0 147.0 89.0 21.0 0.00582 
decod24-v2_43
0.0 52.0 76.0 37.0 8.0 0.001902 
mod8-10_178
0.0 342.0 480.0 200.0 46.0 0.011114 
one-two-three-v0_98
0.0 146.0 212.0 101.0 22.0 0.004723 
4gt4-v0_78
0.0 235.0 382.0 168.0 49.0 0.007555 
4mod5-v0_19
0.0 35.0 53.0 27.0 6.0 0.001739 
alu-v2_30
0.0 504.0 762.0 327.0 86.0 0.017197 
alu-v3_35
0.0 37.0 70.0 34.0 11.0 0.001908 
4gt4-v0_79
0.0 231.0 333.0 168.0 34.0 0.011985 
ex3_229
0.0 403.0 586.0 236.0 61.0 0.016845 
xor5_254
0.0 7.0 22.0 19.0 5.0 0.001158 
f2_232
0.0 1206.0 1731.0 871.0 175.0 0.032788 
