rd53_138
0.0 132.0 171.0 76.0 13.0 0.011715 
4gt13-v1_93
2.0 68.0 86.0 39.0 6.0 0.016401 
mod5mils_65
2.0 35.0 35.0 21.0 0.0 0.004813 
mod5d1_63
5.0 22.0 25.0 16.0 1.0 0.012193 
sym10_262
0.0 64283.0 85925.0 41481.0 7214.0 1.735929 
aj-e11_165
0.0 151.0 169.0 86.0 6.0 0.037471 
4gt11_83
3.0 23.0 23.0 16.0 0.0 0.050008 
cm42a_207
0.0 1776.0 2190.0 1065.0 138.0 0.093204 
4gt4-v0_72
0.0 258.0 315.0 140.0 19.0 0.019721 
max46_240
0.0 27126.0 36837.0 17102.0 3237.0 0.711299 
dc2_222
0.0 9462.0 12495.0 6033.0 1011.0 0.556978 
rd53_135
1.0 296.0 386.0 162.0 30.0 0.037097 
mod10_171
0.0 244.0 271.0 139.0 9.0 0.014489 
ising_model_13
0.0 633.0 633.0 47.0 0.0 0.006731 
adr4_197
1.0 3439.0 4510.0 2084.0 357.0 0.195612 
4gt11_84
2.0 18.0 18.0 11.0 0.0 0.004794 
4gt11_82
3.0 27.0 30.0 20.0 1.0 0.012244 
wim_266
0.0 986.0 1220.0 541.0 78.0 0.0729 
rd53_131
0.0 469.0 568.0 261.0 33.0 0.027442 
mod8-10_177
1.0 440.0 560.0 251.0 40.0 0.023706 
4gt10-v1_81
4.0 148.0 181.0 84.0 11.0 0.05127 
alu-v1_28
7.0 37.0 40.0 22.0 1.0 0.013123 
cnt3-5_179
0.0 175.0 241.0 85.0 22.0 0.026051 
square_root_7
0.0 7630.0 9310.0 4203.0 560.0 0.62032 
one-two-three-v1_99
2.0 132.0 171.0 96.0 13.0 0.012774 
mini_alu_305
4.0 173.0 218.0 95.0 15.0 0.056949 
rd53_311
1.0 275.0 383.0 150.0 36.0 0.022526 
3_17_13
2.0 36.0 36.0 22.0 0.0 0.003959 
rd73_252
1.0 5321.0 6860.0 3250.0 513.0 0.290017 
4gt4-v0_80
5.0 179.0 200.0 101.0 7.0 0.050259 
ham3_102
0.0 20.0 20.0 13.0 0.0 0.004998 
cnt3-5_180
0.0 485.0 620.0 249.0 45.0 0.026183 
rd53_133
1.0 580.0 703.0 330.0 41.0 0.028283 
4mod7-v0_94
2.0 162.0 177.0 94.0 5.0 0.014399 
mini-alu_167
0.0 288.0 411.0 162.0 41.0 0.048872 
root_255
0.0 17159.0 22751.0 10521.0 1864.0 0.901973 
z4_268
1.0 3073.0 3820.0 1787.0 249.0 0.186752 
majority_239
1.0 612.0 732.0 400.0 40.0 0.034805 
ex2_227
0.0 631.0 727.0 366.0 32.0 0.035519 
urf2_277
0.0 20112.0 29448.0 15043.0 3112.0 0.807021 
one-two-three-v3_101
0.0 70.0 88.0 40.0 6.0 0.01859 
4gt13_91
2.0 103.0 109.0 61.0 2.0 0.028828 
4gt12-v1_89
2.0 228.0 237.0 130.0 3.0 0.017947 
sqrt8_260
1.0 3009.0 3999.0 1858.0 330.0 0.183505 
rd32-v0_66
2.0 34.0 43.0 23.0 3.0 0.010174 
sym9_148
0.0 21504.0 25953.0 13454.0 1483.0 1.170546 
4gt5_75
0.0 83.0 89.0 47.0 2.0 0.021818 
0410184_169
2.0 211.0 298.0 124.0 29.0 0.039904 
urf2_152
0.0 80480.0 108107.0 52325.0 9209.0 2.073513 
urf1_278
0.0 54766.0 77128.0 38791.0 7454.0 2.095753 
sym6_145
0.0 3888.0 4989.0 2666.0 367.0 0.226532 
alu-v2_32
1.0 163.0 184.0 92.0 7.0 0.021192 
4gt12-v0_88
6.0 194.0 221.0 108.0 9.0 0.063678 
squar5_261
1.0 1993.0 2380.0 1119.0 129.0 0.11695 
alu-v2_31
0.0 451.0 577.0 255.0 42.0 0.027737 
hwb5_53
1.0 1336.0 1741.0 871.0 135.0 0.070747 
one-two-three-v2_100
1.0 69.0 78.0 40.0 3.0 0.02582 
cycle10_2_110
0.0 6050.0 7967.0 3637.0 639.0 0.314395 
ising_model_10
3.0 480.0 480.0 45.0 0.0 0.078609 
sys6-v0_111
3.0 215.0 278.0 96.0 21.0 0.063461 
plus63mod8192_164
0.0 187112.0 264332.0 128571.0 25740.0 5.700088 
mod5adder_127
1.0 555.0 621.0 307.0 22.0 0.138075 
rd73_140
0.0 230.0 314.0 107.0 28.0 0.017391 
4mod5-v1_23
0.0 69.0 81.0 41.0 4.0 0.023993 
graycode6_47
3.0 5.0 5.0 5.0 0.0 0.002672 
ising_model_16
1.0 786.0 786.0 52.0 0.0 0.018813 
ham7_104
1.0 320.0 407.0 211.0 29.0 0.018966 
ex-1_166
0.0 19.0 19.0 12.0 0.0 0.00146 
decod24-v3_45
6.0 150.0 183.0 84.0 11.0 0.036155 
life_238
0.0 22445.0 30062.0 13479.0 2539.0 1.490109 
con1_216
0.0 954.0 1158.0 532.0 68.0 0.043494 
hwb6_56
1.0 6723.0 8769.0 3855.0 682.0 0.339664 
mod10_176
0.0 178.0 229.0 101.0 17.0 0.014768 
ex1_226
1.0 7.0 10.0 6.0 1.0 0.002965 
sf_276
0.0 778.0 934.0 435.0 52.0 0.047663 
cm152a_212
0.0 1221.0 1563.0 817.0 114.0 0.107543 
4gt12-v0_87
1.0 247.0 313.0 135.0 22.0 0.02277 
decod24-enable_126
1.0 338.0 407.0 206.0 23.0 0.023857 
radd_250
0.0 3213.0 4068.0 2169.0 285.0 0.19181 
pm1_249
0.0 1776.0 2265.0 1123.0 163.0 0.076686 
sf_274
0.0 781.0 835.0 436.0 18.0 0.034034 
miller_11
3.0 50.0 77.0 29.0 9.0 0.007632 
rd53_251
1.0 1291.0 1558.0 820.0 89.0 0.062422 
mlp4_245
0.0 18852.0 25227.0 11980.0 2125.0 1.097991 
rd84_142
1.0 343.0 469.0 128.0 42.0 0.039086 
inc_237
0.0 10619.0 13457.0 6869.0 946.0 0.529288 
sqn_258
0.0 10223.0 13634.0 6209.0 1137.0 0.5882 
alu-v2_33
1.0 37.0 40.0 22.0 1.0 0.009316 
co14_215
0.0 17936.0 24338.0 10902.0 2134.0 1.111814 
decod24-v1_41
1.0 85.0 88.0 50.0 1.0 0.021748 
4mod5-v0_20
0.0 20.0 20.0 12.0 0.0 0.001454 
alu-v4_37
0.0 37.0 43.0 25.0 2.0 0.007522 
misex1_241
1.0 4813.0 5908.0 2869.0 365.0 0.292181 
alu-v0_27
7.0 36.0 39.0 21.0 1.0 0.014953 
4mod5-v1_24
1.0 36.0 36.0 21.0 0.0 0.00271 
4mod7-v1_96
2.0 164.0 206.0 94.0 14.0 0.012964 
cm82a_208
0.0 650.0 743.0 362.0 31.0 0.032836 
ham15_107
1.0 8763.0 11853.0 5836.0 1030.0 0.620739 
0example
1.0 9.0 12.0 6.0 1.0 0.005041 
dc1_220
1.0 1914.0 2241.0 1163.0 109.0 0.123286 
4gt4-v1_74
1.0 273.0 303.0 154.0 10.0 0.02391 
rd32-v1_68
0.0 36.0 45.0 21.0 3.0 0.006363 
decod24-v0_38
4.0 51.0 57.0 30.0 2.0 0.014829 
sym6_316
0.0 270.0 372.0 161.0 34.0 0.021836 
alu-v0_26
3.0 84.0 90.0 49.0 2.0 0.008746 
4mod5-v0_18
6.0 69.0 87.0 40.0 6.0 0.022419 
cm85a_209
0.0 11414.0 14927.0 7215.0 1171.0 0.580337 
alu-v4_36
1.0 115.0 121.0 66.0 2.0 0.027577 
one-two-three-v0_97
0.0 290.0 395.0 163.0 35.0 0.027528 
4gt13_90
1.0 107.0 122.0 65.0 5.0 0.014498 
mod5d2_64
0.0 53.0 71.0 33.0 6.0 0.007413 
C17_204
0.0 467.0 533.0 279.0 22.0 0.114977 
4gt13_92
3.0 66.0 78.0 38.0 4.0 0.009059 
rd53_130
1.0 1043.0 1307.0 608.0 88.0 0.050201 
alu-v3_34
2.0 52.0 64.0 30.0 4.0 0.004899 
decod24-bdd_294
0.0 73.0 85.0 40.0 4.0 0.005107 
4gt5_76
0.0 91.0 103.0 56.0 4.0 0.013939 
sym9_146
1.0 328.0 436.0 167.0 36.0 0.024394 
4mod5-v1_22
1.0 21.0 21.0 12.0 0.0 0.001917 
rd32_270
1.0 84.0 93.0 47.0 3.0 0.025428 
hwb4_49
2.0 233.0 275.0 146.0 14.0 0.023167 
urf5_280
0.0 49829.0 70841.0 36882.0 7004.0 1.474331 
4gt5_77
0.0 131.0 173.0 74.0 14.0 0.025868 
rd84_253
1.0 13658.0 18530.0 8394.0 1624.0 0.763814 
4_49_16
0.0 217.0 253.0 125.0 12.0 0.025364 
qft_10
2.0 200.0 257.0 69.0 19.0 0.050098 
4mod5-bdd_287
1.0 70.0 85.0 41.0 5.0 0.006099 
qft_16
1.0 512.0 731.0 152.0 73.0 0.403882 
urf1_149
0.0 184864.0 251167.0 107791.0 22101.0 4.979949 
4gt12-v0_86
1.0 251.0 329.0 135.0 26.0 0.043312 
4gt4-v0_73
0.0 395.0 440.0 227.0 15.0 0.018543 
alu-v1_29
1.0 37.0 49.0 22.0 4.0 0.005625 
alu-bdd_288
3.0 84.0 105.0 52.0 7.0 0.017822 
decod24-v2_43
1.0 52.0 61.0 33.0 3.0 0.004786 
mod8-10_178
1.0 342.0 429.0 193.0 29.0 0.015894 
one-two-three-v0_98
1.0 146.0 167.0 87.0 7.0 0.013229 
4gt4-v0_78
0.0 235.0 313.0 139.0 26.0 0.018284 
4mod5-v0_19
0.0 35.0 35.0 21.0 0.0 0.001117 
alu-v2_30
0.0 504.0 690.0 285.0 62.0 0.029901 
alu-v3_35
0.0 37.0 52.0 22.0 5.0 0.005014 
dist_223
0.0 38046.0 52287.0 23004.0 4747.0 1.138222 
4gt4-v0_79
1.0 231.0 306.0 132.0 25.0 0.021126 
hwb8_113
0.0 69380.0 91892.0 44838.0 7504.0 1.844329 
ex3_229
0.0 403.0 448.0 232.0 15.0 0.040526 
xor5_254
0.0 7.0 10.0 5.0 1.0 0.001512 
f2_232
0.0 1206.0 1368.0 680.0 54.0 0.05681 
