rd53_138
0.0 132.0 171.0 76.0 13.0 0.010854 
4gt13-v1_93
2.0 68.0 86.0 39.0 6.0 0.015092 
mod5mils_65
2.0 35.0 35.0 21.0 0.0 0.004553 
mod5d1_63
5.0 22.0 25.0 16.0 1.0 0.013254 
sym10_262
0.0 64283.0 86162.0 41973.0 7293.0 1.752965 
aj-e11_165
0.0 151.0 169.0 86.0 6.0 0.035943 
4gt11_83
3.0 23.0 23.0 16.0 0.0 0.049701 
cm42a_207
0.0 1776.0 2190.0 1065.0 138.0 0.079098 
4gt4-v0_72
0.0 258.0 315.0 140.0 19.0 0.023307 
max46_240
0.0 27126.0 37125.0 17393.0 3333.0 0.820101 
dc2_222
1.0 9462.0 12609.0 6032.0 1049.0 0.480623 
rd53_135
1.0 296.0 386.0 162.0 30.0 0.020945 
mod10_171
0.0 244.0 271.0 139.0 9.0 0.017138 
ising_model_13
0.0 633.0 633.0 47.0 0.0 0.004921 
adr4_197
1.0 3439.0 4483.0 2150.0 348.0 0.319243 
4gt11_84
2.0 18.0 18.0 11.0 0.0 0.003675 
4gt11_82
3.0 27.0 30.0 20.0 1.0 0.006337 
wim_266
0.0 986.0 1220.0 541.0 78.0 0.054752 
rd53_131
0.0 469.0 568.0 261.0 33.0 0.026238 
mod8-10_177
1.0 440.0 560.0 251.0 40.0 0.024654 
4gt10-v1_81
4.0 148.0 181.0 84.0 11.0 0.040039 
alu-v1_28
2.0 37.0 40.0 22.0 1.0 0.011546 
cnt3-5_179
0.0 175.0 241.0 85.0 22.0 0.025783 
square_root_7
0.0 7630.0 9208.0 4120.0 526.0 0.429794 
one-two-three-v1_99
2.0 132.0 171.0 96.0 13.0 0.016504 
mini_alu_305
4.0 173.0 218.0 95.0 15.0 0.042839 
rd53_311
0.0 275.0 392.0 168.0 39.0 0.021577 
3_17_13
2.0 36.0 36.0 22.0 0.0 0.004207 
rd73_252
1.0 5321.0 6716.0 3239.0 465.0 0.271478 
4gt4-v0_80
5.0 179.0 200.0 101.0 7.0 0.046669 
ham3_102
0.0 20.0 20.0 13.0 0.0 0.004648 
cnt3-5_180
0.0 485.0 620.0 247.0 45.0 0.02254 
rd53_133
1.0 580.0 703.0 330.0 41.0 0.028318 
4mod7-v0_94
2.0 162.0 177.0 94.0 5.0 0.012637 
mini-alu_167
0.0 288.0 411.0 162.0 41.0 0.046469 
root_255
0.0 17159.0 22829.0 11195.0 1890.0 1.009771 
z4_268
1.0 3073.0 3946.0 1856.0 291.0 0.184201 
majority_239
1.0 612.0 732.0 401.0 40.0 0.0302 
ex2_227
0.0 631.0 733.0 366.0 34.0 0.033136 
urf2_277
0.0 20112.0 29772.0 14494.0 3220.0 0.622138 
one-two-three-v3_101
0.0 70.0 88.0 40.0 6.0 0.016334 
4gt13_91
2.0 103.0 109.0 61.0 2.0 0.026962 
4gt12-v1_89
2.0 228.0 237.0 130.0 3.0 0.0195 
sqrt8_260
1.0 3009.0 4035.0 1887.0 342.0 0.159178 
rd32-v0_66
2.0 34.0 43.0 23.0 3.0 0.008706 
sym9_148
0.0 21504.0 26049.0 13836.0 1515.0 1.037834 
4gt5_75
0.0 83.0 89.0 47.0 2.0 0.020094 
0410184_169
2.0 211.0 298.0 123.0 29.0 0.035455 
urf2_152
0.0 80480.0 109223.0 51348.0 9581.0 2.053647 
urf1_278
0.0 54766.0 77272.0 38740.0 7502.0 1.614945 
sym6_145
0.0 3888.0 5121.0 2376.0 411.0 0.208578 
alu-v2_32
1.0 163.0 184.0 92.0 7.0 0.017495 
4gt12-v0_88
2.0 194.0 227.0 108.0 11.0 0.047027 
squar5_261
1.0 1993.0 2488.0 1199.0 165.0 0.11536 
alu-v2_31
0.0 451.0 577.0 255.0 42.0 0.024659 
hwb5_53
1.0 1336.0 1738.0 873.0 134.0 0.069934 
one-two-three-v2_100
1.0 69.0 78.0 40.0 3.0 0.016998 
cycle10_2_110
0.0 6050.0 8231.0 3781.0 727.0 0.300126 
ising_model_10
3.0 480.0 480.0 45.0 0.0 0.056105 
sys6-v0_111
3.0 215.0 278.0 96.0 21.0 0.058623 
plus63mod8192_164
0.0 187112.0 265349.0 128328.0 26079.0 5.527632 
mod5adder_127
1.0 555.0 621.0 307.0 22.0 0.147377 
rd73_140
0.0 230.0 314.0 107.0 28.0 0.013298 
4mod5-v1_23
0.0 69.0 81.0 41.0 4.0 0.016258 
graycode6_47
3.0 5.0 5.0 5.0 0.0 0.003175 
ising_model_16
1.0 786.0 786.0 52.0 0.0 0.025262 
ham7_104
1.0 320.0 407.0 211.0 29.0 0.019579 
ex-1_166
0.0 19.0 19.0 12.0 0.0 0.001385 
decod24-v3_45
6.0 150.0 183.0 84.0 11.0 0.031522 
life_238
0.0 22445.0 30518.0 14225.0 2691.0 1.545379 
con1_216
0.0 954.0 1158.0 532.0 68.0 0.044473 
hwb6_56
1.0 6723.0 8763.0 3906.0 680.0 0.333454 
mod10_176
0.0 178.0 229.0 101.0 17.0 0.017249 
ex1_226
1.0 7.0 10.0 6.0 1.0 0.002231 
sf_276
0.0 778.0 934.0 435.0 52.0 0.03718 
cm152a_212
0.0 1221.0 1560.0 823.0 113.0 0.073706 
4gt12-v0_87
1.0 247.0 313.0 135.0 22.0 0.020944 
decod24-enable_126
1.0 338.0 407.0 206.0 23.0 0.023649 
radd_250
0.0 3213.0 4155.0 2095.0 314.0 0.190938 
pm1_249
0.0 1776.0 2322.0 1138.0 182.0 0.107054 
sf_274
0.0 781.0 922.0 436.0 47.0 0.036186 
miller_11
0.0 50.0 77.0 39.0 9.0 0.012096 
rd53_251
1.0 1291.0 1558.0 820.0 89.0 0.060437 
mlp4_245
0.0 18852.0 25509.0 12122.0 2219.0 1.536559 
rd84_142
1.0 343.0 460.0 142.0 39.0 0.02929 
inc_237
0.0 10619.0 13799.0 6807.0 1060.0 0.82794 
sqn_258
0.0 10223.0 13547.0 6472.0 1108.0 0.659442 
alu-v2_33
1.0 37.0 40.0 22.0 1.0 0.008892 
co14_215
1.0 17936.0 24764.0 10897.0 2276.0 1.065016 
decod24-v1_41
1.0 85.0 88.0 50.0 1.0 0.02377 
4mod5-v0_20
0.0 20.0 20.0 12.0 0.0 0.001313 
alu-v4_37
0.0 37.0 43.0 25.0 2.0 0.003965 
misex1_241
1.0 4813.0 6211.0 3119.0 466.0 0.308617 
alu-v0_27
7.0 36.0 39.0 21.0 1.0 0.008381 
4mod5-v1_24
1.0 36.0 36.0 21.0 0.0 0.003201 
4mod7-v1_96
2.0 164.0 206.0 94.0 14.0 0.0187 
cm82a_208
0.0 650.0 743.0 362.0 31.0 0.039106 
ham15_107
1.0 8763.0 11931.0 5783.0 1056.0 0.464129 
0example
1.0 9.0 12.0 6.0 1.0 0.006197 
dc1_220
1.0 1914.0 2247.0 1167.0 111.0 0.079769 
4gt4-v1_74
1.0 273.0 303.0 154.0 10.0 0.023371 
rd32-v1_68
0.0 36.0 45.0 21.0 3.0 0.00703 
decod24-v0_38
4.0 51.0 57.0 30.0 2.0 0.012512 
sym6_316
0.0 270.0 372.0 159.0 34.0 0.021754 
alu-v0_26
3.0 84.0 90.0 49.0 2.0 0.012409 
4mod5-v0_18
6.0 69.0 87.0 40.0 6.0 0.023938 
cm85a_209
1.0 11414.0 15098.0 7316.0 1228.0 0.816066 
alu-v4_36
1.0 115.0 121.0 66.0 2.0 0.028267 
one-two-three-v0_97
0.0 290.0 395.0 163.0 35.0 0.021333 
4gt13_90
1.0 107.0 122.0 65.0 5.0 0.014625 
mod5d2_64
0.0 53.0 71.0 33.0 6.0 0.007601 
C17_204
0.0 467.0 533.0 279.0 22.0 0.110756 
4gt13_92
3.0 66.0 78.0 38.0 4.0 0.011298 
rd53_130
1.0 1043.0 1313.0 611.0 90.0 0.057743 
alu-v3_34
2.0 52.0 64.0 30.0 4.0 0.007243 
decod24-bdd_294
0.0 73.0 85.0 40.0 4.0 0.007101 
4gt5_76
0.0 91.0 103.0 56.0 4.0 0.015719 
sym9_146
1.0 328.0 439.0 174.0 37.0 0.022172 
4mod5-v1_22
1.0 21.0 21.0 12.0 0.0 0.00267 
rd32_270
1.0 84.0 93.0 47.0 3.0 0.021762 
hwb4_49
2.0 233.0 275.0 146.0 14.0 0.021655 
urf5_280
0.0 49829.0 71126.0 37087.0 7099.0 1.383254 
4gt5_77
0.0 131.0 173.0 74.0 14.0 0.023983 
rd84_253
1.0 13658.0 18863.0 8526.0 1735.0 0.837789 
4_49_16
0.0 217.0 253.0 125.0 12.0 0.023381 
qft_10
2.0 200.0 263.0 70.0 21.0 0.032097 
4mod5-bdd_287
1.0 70.0 85.0 41.0 5.0 0.009084 
qft_16
1.0 512.0 731.0 149.0 73.0 0.178008 
urf1_149
0.0 184864.0 251533.0 105953.0 22223.0 4.818556 
4gt12-v0_86
1.0 251.0 329.0 135.0 26.0 0.041308 
4gt4-v0_73
0.0 395.0 440.0 227.0 15.0 0.019659 
alu-v1_29
1.0 37.0 49.0 22.0 4.0 0.008358 
alu-bdd_288
3.0 84.0 105.0 52.0 7.0 0.021397 
decod24-v2_43
1.0 52.0 61.0 33.0 3.0 0.006141 
mod8-10_178
1.0 342.0 429.0 193.0 29.0 0.020877 
one-two-three-v0_98
1.0 146.0 167.0 87.0 7.0 0.011957 
4gt4-v0_78
0.0 235.0 313.0 139.0 26.0 0.016608 
4mod5-v0_19
0.0 35.0 35.0 21.0 0.0 0.001644 
alu-v2_30
1.0 504.0 705.0 293.0 67.0 0.033493 
alu-v3_35
0.0 37.0 52.0 22.0 5.0 0.006987 
dist_223
0.0 38046.0 52794.0 24220.0 4916.0 1.258434 
4gt4-v0_79
1.0 231.0 306.0 132.0 25.0 0.020946 
hwb8_113
0.0 69380.0 94667.0 43802.0 8429.0 1.823932 
ex3_229
0.0 403.0 448.0 232.0 15.0 0.039959 
xor5_254
0.0 7.0 10.0 5.0 1.0 0.002072 
f2_232
0.0 1206.0 1368.0 680.0 54.0 0.06709 
