rd53_138
93.0 132.0 162.0 56.0 10.0 0.426758 
4gt13-v1_93
0.0 68.0 68.0 39.0 0.0 0.003985 
mod5mils_65
0.0 35.0 35.0 21.0 0.0 0.001682 
mod5d1_63
0.0 22.0 22.0 13.0 0.0 0.00151 
sym10_262
16.0 64283.0 86675.0 40904.0 7464.0 39.459851 
aj-e11_165
0.0 151.0 175.0 86.0 8.0 0.358183 
hwb9_119
23.0 207775.0 285691.0 128379.0 25972.0 124.998244 
4gt11_83
0.0 23.0 23.0 16.0 0.0 0.065316 
cm42a_207
11.0 1776.0 2124.0 1063.0 116.0 1.156087 
4gt4-v0_72
56.0 258.0 288.0 137.0 10.0 0.68241 
max46_240
14.0 27126.0 35154.0 15990.0 2676.0 16.441186 
dc2_222
0.0 9462.0 12594.0 6339.0 1044.0 0.256297 
sym9_193
21.0 34881.0 45078.0 21029.0 3399.0 24.23939 
rd53_135
84.0 296.0 353.0 159.0 19.0 1.008158 
mod10_171
0.0 244.0 295.0 160.0 17.0 0.596204 
ising_model_13
0.0 633.0 633.0 47.0 0.0 0.008411 
adr4_197
1.0 3439.0 4513.0 2399.0 358.0 2.202991 
4gt11_84
0.0 18.0 18.0 11.0 0.0 0.004135 
4gt11_82
0.0 27.0 30.0 20.0 1.0 0.077162 
wim_266
18.0 986.0 1214.0 553.0 76.0 0.666851 
rd53_131
40.0 469.0 532.0 261.0 21.0 1.202647 
mod8-10_177
21.0 440.0 482.0 254.0 14.0 1.167252 
4gt10-v1_81
18.0 148.0 184.0 84.0 12.0 0.365629 
alu-v1_28
67.0 37.0 43.0 22.0 2.0 0.111932 
cnt3-5_179
0.0 175.0 190.0 61.0 5.0 0.042207 
square_root_7
9.0 7630.0 9139.0 4572.0 503.0 7.108703 
one-two-three-v1_99
103.0 132.0 162.0 76.0 10.0 0.303886 
mini_alu_305
45.0 173.0 200.0 74.0 9.0 0.92008 
rd53_311
31.0 275.0 362.0 169.0 29.0 0.795258 
3_17_13
0.0 36.0 36.0 22.0 0.0 0.003671 
rd73_252
9.0 5321.0 6950.0 3269.0 543.0 3.342713 
4gt4-v0_80
12.0 179.0 203.0 110.0 8.0 0.49983 
hwb7_59
62.0 24379.0 31747.0 14043.0 2456.0 48.531545 
ham3_102
0.0 20.0 20.0 13.0 0.0 0.01062 
cnt3-5_180
41.0 485.0 611.0 235.0 42.0 0.726666 
rd53_133
108.0 580.0 652.0 330.0 24.0 1.502424 
4mod7-v0_94
64.0 162.0 186.0 92.0 8.0 0.404027 
plus63mod4096_163
18.0 128744.0 175964.0 88026.0 15740.0 89.88565 
mini-alu_167
28.0 288.0 363.0 162.0 25.0 0.910902 
root_255
3.0 17159.0 22568.0 10671.0 1803.0 11.21868 
z4_268
19.0 3073.0 3988.0 1691.0 305.0 2.021767 
majority_239
48.0 612.0 723.0 344.0 37.0 1.735019 
ex2_227
100.0 631.0 751.0 366.0 40.0 1.645058 
urf2_277
39.0 20112.0 29058.0 12238.0 2982.0 49.914912 
one-two-three-v3_101
30.0 70.0 79.0 45.0 3.0 0.186511 
4gt13_91
0.0 103.0 124.0 61.0 7.0 0.24875 
4gt12-v1_89
18.0 228.0 261.0 135.0 11.0 0.524683 
sqrt8_260
2.0 3009.0 3939.0 1770.0 310.0 1.946163 
rd32-v0_66
0.0 34.0 34.0 20.0 0.0 0.004393 
sym9_148
19.0 21504.0 26448.0 13357.0 1648.0 12.348542 
4gt5_75
64.0 83.0 98.0 47.0 5.0 0.235711 
0410184_169
4.0 211.0 238.0 120.0 9.0 0.042824 
urf2_152
36.0 80480.0 104825.0 45513.0 8115.0 131.313024 
urf1_278
54.0 54766.0 77077.0 36226.0 7437.0 106.938653 
sym6_145
5.0 3888.0 4569.0 2390.0 227.0 11.872709 
alu-v2_32
109.0 163.0 205.0 92.0 14.0 0.407703 
4gt12-v0_88
12.0 194.0 209.0 114.0 5.0 0.551931 
squar5_261
2.0 1993.0 2431.0 1215.0 146.0 1.1208 
alu-v2_31
4.0 451.0 565.0 264.0 38.0 1.173214 
hwb5_53
90.0 1336.0 1591.0 758.0 85.0 3.832177 
one-two-three-v2_100
2.0 69.0 78.0 46.0 3.0 0.189017 
cycle10_2_110
4.0 6050.0 7940.0 3724.0 630.0 4.082903 
urf6_160
3.0 171840.0 245343.0 112564.0 24501.0 26.890437 
ising_model_10
0.0 480.0 480.0 45.0 0.0 0.070192 
sys6-v0_111
68.0 215.0 269.0 100.0 18.0 0.677904 
plus63mod8192_164
0.0 187112.0 261380.0 129599.0 24756.0 31.565273 
mod5adder_127
17.0 555.0 618.0 332.0 21.0 1.524729 
rd73_140
13.0 230.0 290.0 111.0 20.0 0.715147 
4mod5-v1_23
90.0 69.0 75.0 41.0 2.0 0.192956 
graycode6_47
0.0 5.0 5.0 5.0 0.0 0.002092 
ising_model_16
0.0 786.0 786.0 52.0 0.0 0.01182 
ham7_104
44.0 320.0 392.0 190.0 24.0 0.940571 
ex-1_166
0.0 19.0 19.0 12.0 0.0 0.00297 
decod24-v3_45
8.0 150.0 189.0 84.0 13.0 0.461461 
urf4_187
22.0 512064.0 660261.0 290946.0 49399.0 280.336214 
life_238
14.0 22445.0 30326.0 13718.0 2627.0 13.9647 
con1_216
18.0 954.0 1164.0 536.0 70.0 0.536212 
hwb6_56
92.0 6723.0 8214.0 3736.0 497.0 19.765703 
mod10_176
6.0 178.0 220.0 127.0 14.0 0.392056 
ex1_226
0.0 7.0 7.0 5.0 0.0 0.002379 
sf_276
113.0 778.0 814.0 435.0 12.0 2.02457 
cm152a_212
2.0 1221.0 1473.0 762.0 84.0 1.263164 
4gt12-v0_87
84.0 247.0 259.0 131.0 4.0 0.705122 
decod24-enable_126
2.0 338.0 419.0 209.0 27.0 1.002524 
radd_250
14.0 3213.0 4071.0 2131.0 286.0 2.209493 
pm1_249
11.0 1776.0 2124.0 1063.0 116.0 1.161966 
sf_274
2.0 781.0 811.0 447.0 10.0 1.892918 
miller_11
0.0 50.0 50.0 29.0 0.0 0.004083 
rd53_251
34.0 1291.0 1552.0 734.0 87.0 1.415045 
mlp4_245
0.0 18852.0 25620.0 12193.0 2256.0 0.562579 
9symml_195
21.0 34881.0 45078.0 21029.0 3399.0 21.628631 
rd84_142
12.0 343.0 445.0 164.0 34.0 0.723034 
inc_237
0.0 10619.0 13187.0 6662.0 856.0 0.487859 
sqn_258
18.0 10223.0 13316.0 6048.0 1031.0 7.305613 
alu-v2_33
68.0 37.0 43.0 22.0 2.0 0.122184 
sao2_257
3.0 38577.0 50526.0 23754.0 3983.0 18.499525 
co14_215
1.0 17936.0 24749.0 10434.0 2271.0 3.258521 
decod24-v1_41
64.0 85.0 97.0 50.0 4.0 0.184211 
4mod5-v0_20
0.0 20.0 20.0 12.0 0.0 0.003126 
alu-v4_37
68.0 37.0 43.0 22.0 2.0 0.149532 
urf3_155
21.0 423488.0 571202.0 261529.0 49238.0 259.251778 
misex1_241
2.0 4813.0 5866.0 3074.0 351.0 0.759802 
alu-v0_27
68.0 36.0 42.0 21.0 2.0 0.112388 
4mod5-v1_24
0.0 36.0 36.0 21.0 0.0 0.003477 
4mod7-v1_96
102.0 164.0 203.0 94.0 13.0 0.473627 
cm82a_208
102.0 650.0 743.0 355.0 31.0 1.758981 
ham15_107
0.0 8763.0 12012.0 6053.0 1083.0 0.259916 
0example
67.0 9.0 12.0 6.0 1.0 0.054119 
dc1_220
11.0 1914.0 2274.0 1164.0 120.0 0.509185 
4gt4-v1_74
29.0 273.0 300.0 168.0 9.0 0.759761 
rd32-v1_68
0.0 36.0 36.0 21.0 0.0 0.00371 
decod24-v0_38
0.0 51.0 51.0 30.0 0.0 0.003801 
sym6_316
103.0 270.0 336.0 147.0 22.0 3.837003 
alu-v0_26
3.0 84.0 105.0 53.0 7.0 0.23011 
clip_206
4.0 33827.0 45413.0 21301.0 3862.0 5.061996 
4mod5-v0_18
90.0 69.0 75.0 40.0 2.0 0.196227 
cm85a_209
1.0 11414.0 14558.0 7244.0 1048.0 5.502684 
alu-v4_36
103.0 115.0 139.0 66.0 8.0 0.38758 
one-two-three-v0_97
2.0 290.0 353.0 173.0 21.0 0.712809 
4gt13_90
0.0 107.0 128.0 65.0 7.0 0.247394 
mod5d2_64
10.0 53.0 65.0 39.0 4.0 0.140458 
ground_state_estimation_10
14.0 390180.0 414549.0 222474.0 8123.0 165.700513 
C17_204
61.0 467.0 536.0 265.0 23.0 1.555474 
4gt13_92
0.0 66.0 66.0 38.0 0.0 0.004486 
rd53_130
75.0 1043.0 1256.0 619.0 71.0 3.086689 
alu-v3_34
12.0 52.0 58.0 30.0 2.0 0.18593 
decod24-bdd_294
80.0 73.0 79.0 40.0 2.0 0.224133 
4gt5_76
102.0 91.0 112.0 56.0 7.0 0.30021 
sym9_146
5.0 328.0 424.0 161.0 32.0 0.423056 
4mod5-v1_22
0.0 21.0 21.0 12.0 0.0 0.003454 
rd32_270
61.0 84.0 93.0 47.0 3.0 0.197211 
hwb4_49
5.0 233.0 275.0 141.0 14.0 0.597362 
urf5_280
25.0 49829.0 67826.0 35005.0 5999.0 94.848112 
4gt5_77
13.0 131.0 167.0 82.0 12.0 0.329734 
rd84_253
1.0 13658.0 18263.0 8468.0 1535.0 9.182279 
4_49_16
76.0 217.0 259.0 125.0 14.0 0.46368 
qft_10
22.0 200.0 257.0 52.0 19.0 0.288137 
4mod5-bdd_287
64.0 70.0 73.0 41.0 1.0 0.2205 
qft_16
0.0 512.0 701.0 146.0 63.0 0.11235 
urf1_149
68.0 184864.0 249295.0 107881.0 21477.0 353.504596 
urf5_158
28.0 164416.0 220006.0 101110.0 18530.0 277.052869 
urf3_279
13.0 125362.0 182005.0 78623.0 18881.0 92.533728 
4gt12-v0_86
84.0 251.0 266.0 135.0 5.0 0.741167 
4gt4-v0_73
111.0 395.0 446.0 227.0 17.0 1.228823 
alu-v1_29
68.0 37.0 43.0 22.0 2.0 0.143373 
alu-bdd_288
77.0 84.0 96.0 48.0 4.0 0.266445 
decod24-v2_43
0.0 52.0 52.0 30.0 0.0 0.004019 
mod8-10_178
3.0 342.0 357.0 193.0 5.0 0.858216 
one-two-three-v0_98
46.0 146.0 176.0 82.0 10.0 0.381443 
4gt4-v0_78
19.0 235.0 259.0 144.0 8.0 0.601479 
4mod5-v0_19
0.0 35.0 35.0 21.0 0.0 0.003274 
alu-v2_30
1.0 504.0 567.0 288.0 21.0 1.379666 
alu-v3_35
65.0 37.0 43.0 22.0 2.0 0.129286 
dist_223
0.0 38046.0 48822.0 23691.0 3592.0 25.910629 
4gt4-v0_79
26.0 231.0 261.0 145.0 10.0 0.631724 
hwb8_113
16.0 69380.0 90863.0 42662.0 7161.0 129.527593 
ex3_229
31.0 403.0 424.0 229.0 7.0 0.819645 
xor5_254
0.0 7.0 7.0 5.0 0.0 0.003069 
f2_232
31.0 1206.0 1350.0 690.0 48.0 3.025592 
