rd53_138
114.0 132.0 165.0 56.0 11.0 0.488612 
4gt13-v1_93
0.0 68.0 68.0 39.0 0.0 0.003028 
mod5mils_65
0.0 35.0 35.0 21.0 0.0 0.003148 
mod5d1_63
0.0 22.0 22.0 13.0 0.0 0.002807 
sym10_262
18.0 64283.0 91010.0 40389.0 8909.0 42.94281 
aj-e11_165
0.0 151.0 175.0 86.0 8.0 0.332765 
hwb9_119
11.0 207775.0 287509.0 122134.0 26578.0 123.363758 
4gt11_83
0.0 23.0 23.0 16.0 0.0 0.029793 
cm42a_207
22.0 1776.0 2166.0 988.0 130.0 1.089357 
4gt4-v0_72
90.0 258.0 288.0 137.0 10.0 0.688957 
max46_240
15.0 27126.0 37257.0 14889.0 3377.0 17.500108 
dc2_222
0.0 9462.0 13044.0 6038.0 1194.0 0.268769 
sym9_193
3.0 34881.0 48873.0 20408.0 4664.0 21.615179 
rd53_135
93.0 296.0 359.0 159.0 21.0 0.862914 
mod10_171
64.0 244.0 304.0 139.0 20.0 0.558224 
ising_model_13
0.0 633.0 633.0 47.0 0.0 0.00908 
adr4_197
14.0 3439.0 4708.0 2177.0 423.0 2.658829 
4gt11_84
0.0 18.0 18.0 11.0 0.0 0.001602 
4gt11_82
0.0 27.0 30.0 20.0 1.0 0.113648 
wim_266
12.0 986.0 1271.0 536.0 95.0 0.576792 
rd53_131
49.0 469.0 538.0 261.0 23.0 1.163518 
mod8-10_177
21.0 440.0 482.0 254.0 14.0 0.997622 
4gt10-v1_81
93.0 148.0 187.0 84.0 13.0 0.359201 
alu-v1_28
67.0 37.0 43.0 22.0 2.0 0.147434 
cnt3-5_179
0.0 175.0 190.0 61.0 5.0 0.0418 
square_root_7
26.0 7630.0 9586.0 4123.0 652.0 11.360809 
one-two-three-v1_99
103.0 132.0 162.0 76.0 10.0 0.287615 
mini_alu_305
45.0 173.0 200.0 74.0 9.0 0.970235 
rd53_311
83.0 275.0 386.0 142.0 37.0 0.760922 
3_17_13
0.0 36.0 36.0 22.0 0.0 0.003309 
rd73_252
17.0 5321.0 7364.0 3045.0 681.0 3.518795 
4gt4-v0_80
64.0 179.0 209.0 101.0 10.0 0.449466 
hwb7_59
36.0 24379.0 32041.0 13792.0 2554.0 42.999524 
ham3_102
0.0 20.0 20.0 13.0 0.0 0.005062 
cnt3-5_180
36.0 485.0 632.0 217.0 49.0 0.718168 
rd53_133
62.0 580.0 724.0 327.0 48.0 2.096778 
4mod7-v0_94
64.0 162.0 201.0 92.0 13.0 0.369455 
plus63mod4096_163
13.0 128744.0 186167.0 85869.0 19141.0 83.557655 
mini-alu_167
77.0 288.0 369.0 162.0 27.0 0.655572 
root_255
0.0 17159.0 23258.0 10157.0 2033.0 10.394777 
z4_268
21.0 3073.0 4015.0 1665.0 314.0 1.873084 
majority_239
94.0 612.0 744.0 344.0 44.0 1.638034 
ex2_227
82.0 631.0 772.0 355.0 47.0 1.664194 
urf2_277
63.0 20112.0 30342.0 11785.0 3410.0 44.499491 
one-two-three-v3_101
23.0 70.0 82.0 40.0 4.0 0.152017 
4gt13_91
0.0 103.0 124.0 61.0 7.0 0.228186 
4gt12-v1_89
92.0 228.0 264.0 130.0 12.0 0.522629 
sqrt8_260
8.0 3009.0 4071.0 1776.0 354.0 2.158758 
rd32-v0_66
0.0 34.0 34.0 20.0 0.0 0.001753 
sym9_148
0.0 21504.0 28122.0 12834.0 2206.0 11.593929 
4gt5_75
65.0 83.0 113.0 47.0 10.0 0.212506 
0410184_169
8.0 211.0 241.0 104.0 10.0 0.037518 
urf2_152
45.0 80480.0 110459.0 45051.0 9993.0 134.695296 
urf1_278
59.0 54766.0 78574.0 33389.0 7936.0 108.638052 
sym6_145
94.0 3888.0 5049.0 2187.0 387.0 9.588014 
alu-v2_32
13.0 163.0 214.0 92.0 17.0 0.369058 
4gt12-v0_88
23.0 194.0 221.0 108.0 9.0 0.486166 
squar5_261
13.0 1993.0 2707.0 1124.0 238.0 1.115669 
alu-v2_31
74.0 451.0 568.0 255.0 39.0 1.158726 
hwb5_53
62.0 1336.0 1804.0 758.0 156.0 4.038398 
one-two-three-v2_100
64.0 69.0 78.0 40.0 3.0 0.143653 
cycle10_2_110
19.0 6050.0 8177.0 3545.0 709.0 4.426796 
urf6_160
5.0 171840.0 246177.0 111064.0 24779.0 28.421391 
ising_model_10
0.0 480.0 480.0 45.0 0.0 0.046631 
sys6-v0_111
68.0 215.0 269.0 100.0 18.0 0.858543 
plus63mod8192_164
5.0 187112.0 269468.0 127028.0 27452.0 37.052262 
mod5adder_127
84.0 555.0 651.0 302.0 32.0 1.456192 
rd73_140
89.0 230.0 305.0 107.0 25.0 0.789586 
4mod5-v1_23
1.0 69.0 84.0 41.0 5.0 0.170505 
graycode6_47
0.0 5.0 5.0 5.0 0.0 0.002012 
ising_model_16
0.0 786.0 786.0 52.0 0.0 0.007908 
ham7_104
61.0 320.0 392.0 185.0 24.0 0.824036 
ex-1_166
0.0 19.0 19.0 12.0 0.0 0.001371 
decod24-v3_45
63.0 150.0 192.0 84.0 14.0 0.345531 
urf4_187
19.0 512064.0 653832.0 280064.0 47256.0 282.426499 
life_238
20.0 22445.0 31013.0 13293.0 2856.0 24.138705 
con1_216
17.0 954.0 1245.0 516.0 97.0 0.674215 
hwb6_56
101.0 6723.0 8931.0 3736.0 736.0 17.633909 
mod10_176
42.0 178.0 229.0 106.0 17.0 0.49982 
ex1_226
0.0 7.0 7.0 5.0 0.0 0.002422 
sf_276
92.0 778.0 862.0 435.0 28.0 1.882158 
cm152a_212
37.0 1221.0 1572.0 684.0 117.0 1.468652 
4gt12-v0_87
84.0 247.0 298.0 131.0 17.0 0.698424 
decod24-enable_126
50.0 338.0 419.0 190.0 27.0 1.001356 
radd_250
19.0 3213.0 4359.0 1944.0 382.0 2.003422 
pm1_249
22.0 1776.0 2166.0 988.0 130.0 1.085499 
sf_274
84.0 781.0 832.0 436.0 17.0 1.857124 
miller_11
0.0 50.0 50.0 29.0 0.0 0.003449 
rd53_251
10.0 1291.0 1630.0 719.0 113.0 1.137595 
mlp4_245
0.0 18852.0 26004.0 11958.0 2384.0 0.941054 
9symml_195
3.0 34881.0 48873.0 20408.0 4664.0 21.310951 
rd84_142
45.0 343.0 475.0 147.0 44.0 1.340529 
inc_237
0.0 10619.0 14513.0 6557.0 1298.0 0.606717 
sqn_258
5.0 10223.0 13856.0 5727.0 1211.0 6.70987 
alu-v2_33
20.0 37.0 49.0 22.0 4.0 0.103784 
sao2_257
14.0 38577.0 52260.0 23078.0 4561.0 18.625028 
co14_215
4.0 17936.0 25727.0 10307.0 2597.0 3.725773 
decod24-v1_41
64.0 85.0 97.0 50.0 4.0 0.178194 
4mod5-v0_20
0.0 20.0 20.0 12.0 0.0 0.003051 
alu-v4_37
20.0 37.0 49.0 22.0 4.0 0.108905 
urf3_155
10.0 423488.0 587633.0 241686.0 54715.0 250.348967 
misex1_241
0.0 4813.0 6427.0 2880.0 538.0 0.871542 
alu-v0_27
20.0 36.0 48.0 21.0 4.0 0.098274 
4mod5-v1_24
0.0 36.0 36.0 21.0 0.0 0.003357 
4mod7-v1_96
106.0 164.0 221.0 94.0 19.0 0.413769 
cm82a_208
87.0 650.0 800.0 340.0 50.0 1.718676 
ham15_107
0.0 8763.0 12366.0 5647.0 1201.0 0.256993 
0example
4.0 9.0 15.0 6.0 2.0 0.0496 
dc1_220
6.0 1914.0 2451.0 1080.0 179.0 0.60077 
4gt4-v1_74
29.0 273.0 306.0 166.0 11.0 0.705919 
rd32-v1_68
0.0 36.0 36.0 21.0 0.0 0.002343 
decod24-v0_38
0.0 51.0 51.0 30.0 0.0 0.003614 
sym6_316
103.0 270.0 336.0 147.0 22.0 3.533236 
alu-v0_26
10.0 84.0 111.0 49.0 9.0 0.297172 
clip_206
1.0 33827.0 47225.0 20946.0 4466.0 5.220923 
4mod5-v0_18
0.0 69.0 84.0 40.0 5.0 0.169395 
cm85a_209
6.0 11414.0 15302.0 7114.0 1296.0 7.38772 
alu-v4_36
103.0 115.0 139.0 66.0 8.0 0.250795 
one-two-three-v0_97
86.0 290.0 359.0 163.0 23.0 0.674392 
4gt13_90
0.0 107.0 128.0 65.0 7.0 0.240258 
mod5d2_64
13.0 53.0 65.0 32.0 4.0 0.138602 
ground_state_estimation_10
6.0 390180.0 413646.0 220049.0 7822.0 164.099591 
C17_204
109.0 467.0 575.0 253.0 36.0 1.431267 
4gt13_92
0.0 66.0 66.0 38.0 0.0 0.002251 
rd53_130
62.0 1043.0 1319.0 569.0 92.0 2.910537 
alu-v3_34
110.0 52.0 61.0 30.0 3.0 0.138484 
decod24-bdd_294
80.0 73.0 79.0 40.0 2.0 0.206721 
4gt5_76
102.0 91.0 112.0 56.0 7.0 0.257383 
sym9_146
25.0 328.0 445.0 145.0 39.0 0.394041 
4mod5-v1_22
0.0 21.0 21.0 12.0 0.0 0.002744 
rd32_270
61.0 84.0 93.0 47.0 3.0 0.191595 
hwb4_49
0.0 233.0 278.0 134.0 15.0 0.465841 
urf5_280
27.0 49829.0 70652.0 29742.0 6941.0 97.284549 
4gt5_77
83.0 131.0 170.0 74.0 13.0 0.393064 
rd84_253
19.0 13658.0 18917.0 8020.0 1753.0 10.940536 
4_49_16
76.0 217.0 259.0 125.0 14.0 0.453281 
qft_10
11.0 200.0 263.0 51.0 21.0 0.280715 
4mod5-bdd_287
93.0 70.0 88.0 41.0 6.0 0.173497 
qft_16
0.0 512.0 725.0 142.0 71.0 0.352978 
urf1_149
67.0 184864.0 252517.0 101976.0 22551.0 319.245549 
urf5_158
65.0 164416.0 222430.0 91467.0 19338.0 281.408795 
urf3_279
15.0 125362.0 188170.0 77211.0 20936.0 91.145358 
4gt12-v0_86
84.0 251.0 305.0 135.0 18.0 0.730005 
4gt4-v0_73
111.0 395.0 494.0 227.0 33.0 1.037176 
alu-v1_29
20.0 37.0 49.0 22.0 4.0 0.121917 
alu-bdd_288
60.0 84.0 114.0 48.0 10.0 0.257504 
decod24-v2_43
0.0 52.0 52.0 30.0 0.0 0.003128 
mod8-10_178
1.0 342.0 393.0 193.0 17.0 0.794734 
one-two-three-v0_98
16.0 146.0 185.0 82.0 13.0 0.344415 
4gt4-v0_78
55.0 235.0 274.0 137.0 13.0 0.686956 
4mod5-v0_19
0.0 35.0 35.0 21.0 0.0 0.002325 
alu-v2_30
65.0 504.0 582.0 285.0 26.0 1.437229 
alu-v3_35
22.0 37.0 49.0 22.0 4.0 0.106729 
dist_223
2.0 38046.0 52344.0 22995.0 4766.0 26.135916 
4gt4-v0_79
60.0 231.0 267.0 132.0 12.0 0.610879 
hwb8_113
58.0 69380.0 95057.0 40964.0 8559.0 121.823869 
ex3_229
34.0 403.0 424.0 226.0 7.0 0.79905 
xor5_254
0.0 7.0 7.0 5.0 0.0 0.001482 
f2_232
68.0 1206.0 1389.0 668.0 61.0 2.79713 
