rd53_138
93.0 132.0 162.0 56.0 10.0 0.451233 
4gt13-v1_93
0.0 68.0 68.0 39.0 0.0 0.003028 
mod5mils_65
0.0 35.0 35.0 21.0 0.0 0.003148 
mod5d1_63
0.0 22.0 22.0 13.0 0.0 0.002807 
sym10_262
13.0 64283.0 86861.0 41311.0 7526.0 43.586343 
aj-e11_165
0.0 151.0 175.0 86.0 8.0 0.332765 
hwb9_119
4.0 207775.0 286528.0 127661.0 26251.0 125.920238 
4gt11_83
0.0 23.0 23.0 16.0 0.0 0.029793 
cm42a_207
16.0 1776.0 2127.0 1048.0 117.0 0.947804 
4gt4-v0_72
90.0 258.0 288.0 137.0 10.0 0.688957 
max46_240
12.0 27126.0 35214.0 16394.0 2696.0 16.429289 
dc2_222
0.0 9462.0 12678.0 6185.0 1072.0 0.298672 
sym9_193
9.0 34881.0 47196.0 20841.0 4105.0 21.562112 
rd53_135
84.0 296.0 353.0 159.0 19.0 0.989224 
mod10_171
0.0 244.0 295.0 160.0 17.0 0.557997 
ising_model_13
0.0 633.0 633.0 47.0 0.0 0.00908 
adr4_197
6.0 3439.0 4531.0 2215.0 364.0 2.126427 
4gt11_84
0.0 18.0 18.0 11.0 0.0 0.001602 
4gt11_82
0.0 27.0 30.0 20.0 1.0 0.113648 
wim_266
16.0 986.0 1214.0 613.0 76.0 0.509095 
rd53_131
40.0 469.0 532.0 261.0 21.0 1.218542 
mod8-10_177
21.0 440.0 482.0 254.0 14.0 0.997622 
4gt10-v1_81
18.0 148.0 184.0 84.0 12.0 0.347643 
alu-v1_28
67.0 37.0 43.0 22.0 2.0 0.147434 
cnt3-5_179
0.0 175.0 190.0 61.0 5.0 0.0418 
square_root_7
9.0 7630.0 9223.0 4373.0 531.0 11.442636 
one-two-three-v1_99
103.0 132.0 162.0 76.0 10.0 0.287615 
mini_alu_305
45.0 173.0 200.0 74.0 9.0 0.970235 
rd53_311
19.0 275.0 365.0 153.0 30.0 0.797854 
3_17_13
0.0 36.0 36.0 22.0 0.0 0.003309 
rd73_252
5.0 5321.0 6989.0 3498.0 556.0 3.065856 
4gt4-v0_80
12.0 179.0 203.0 110.0 8.0 0.589165 
hwb7_59
47.0 24379.0 31915.0 16634.0 2512.0 43.848607 
ham3_102
0.0 20.0 20.0 13.0 0.0 0.005062 
cnt3-5_180
9.0 485.0 599.0 233.0 38.0 0.789396 
rd53_133
108.0 580.0 658.0 332.0 26.0 1.498167 
4mod7-v0_94
64.0 162.0 186.0 92.0 8.0 0.411756 
plus63mod4096_163
18.0 128744.0 179480.0 86937.0 16912.0 84.525867 
mini-alu_167
46.0 288.0 363.0 162.0 25.0 0.829227 
root_255
13.0 17159.0 22634.0 10883.0 1825.0 11.247062 
z4_268
21.0 3073.0 4015.0 1665.0 314.0 1.873084 
majority_239
48.0 612.0 723.0 344.0 37.0 2.052872 
ex2_227
16.0 631.0 715.0 428.0 28.0 1.670226 
urf2_277
40.0 20112.0 28956.0 12155.0 2948.0 42.71955 
one-two-three-v3_101
30.0 70.0 79.0 45.0 3.0 0.147213 
4gt13_91
0.0 103.0 124.0 61.0 7.0 0.228186 
4gt12-v1_89
18.0 228.0 261.0 135.0 11.0 0.582108 
sqrt8_260
17.0 3009.0 3867.0 1808.0 286.0 1.797241 
rd32-v0_66
0.0 34.0 34.0 20.0 0.0 0.001753 
sym9_148
19.0 21504.0 26076.0 13135.0 1524.0 13.770189 
4gt5_75
64.0 83.0 98.0 47.0 5.0 0.264172 
0410184_169
4.0 211.0 238.0 109.0 9.0 0.03991 
urf2_152
12.0 80480.0 105113.0 56707.0 8211.0 129.800455 
urf1_278
23.0 54766.0 77146.0 37531.0 7460.0 114.354661 
sym6_145
5.0 3888.0 4584.0 2340.0 232.0 11.723212 
alu-v2_32
109.0 163.0 205.0 92.0 14.0 0.68441 
4gt12-v0_88
12.0 194.0 209.0 114.0 5.0 0.61059 
squar5_261
2.0 1993.0 2431.0 1215.0 146.0 1.20599 
alu-v2_31
4.0 451.0 565.0 264.0 38.0 1.044124 
hwb5_53
90.0 1336.0 1591.0 758.0 85.0 3.777205 
one-two-three-v2_100
2.0 69.0 78.0 46.0 3.0 0.167797 
cycle10_2_110
12.0 6050.0 8012.0 3852.0 654.0 3.85985 
urf6_160
4.0 171840.0 245352.0 112161.0 24504.0 26.252424 
ising_model_10
0.0 480.0 480.0 45.0 0.0 0.046631 
sys6-v0_111
68.0 215.0 269.0 100.0 18.0 0.858543 
plus63mod8192_164
0.0 187112.0 264791.0 131742.0 25893.0 31.475007 
mod5adder_127
17.0 555.0 618.0 332.0 21.0 1.400789 
rd73_140
84.0 230.0 290.0 116.0 20.0 0.662106 
4mod5-v1_23
90.0 69.0 75.0 41.0 2.0 0.185983 
graycode6_47
0.0 5.0 5.0 5.0 0.0 0.002012 
ising_model_16
0.0 786.0 786.0 52.0 0.0 0.007908 
ham7_104
26.0 320.0 392.0 214.0 24.0 0.896299 
ex-1_166
0.0 19.0 19.0 12.0 0.0 0.001371 
decod24-v3_45
4.0 150.0 189.0 94.0 13.0 0.475906 
urf4_187
19.0 512064.0 653832.0 280064.0 47256.0 282.426499 
life_238
20.0 22445.0 30305.0 13596.0 2620.0 15.781668 
con1_216
13.0 954.0 1173.0 540.0 73.0 0.62132 
hwb6_56
31.0 6723.0 8199.0 4637.0 492.0 19.007315 
mod10_176
6.0 178.0 220.0 127.0 14.0 0.371845 
ex1_226
0.0 7.0 7.0 5.0 0.0 0.002422 
sf_276
113.0 778.0 814.0 435.0 12.0 1.820528 
cm152a_212
20.0 1221.0 1491.0 804.0 90.0 1.2174 
4gt12-v0_87
84.0 247.0 259.0 131.0 4.0 0.676155 
decod24-enable_126
2.0 338.0 419.0 209.0 27.0 0.91583 
radd_250
5.0 3213.0 4146.0 2029.0 311.0 1.862764 
pm1_249
16.0 1776.0 2127.0 1048.0 117.0 0.932756 
sf_274
2.0 781.0 811.0 447.0 10.0 1.684133 
miller_11
0.0 50.0 50.0 29.0 0.0 0.003449 
rd53_251
35.0 1291.0 1567.0 726.0 92.0 1.091717 
mlp4_245
0.0 18852.0 25506.0 12126.0 2218.0 0.528831 
9symml_195
9.0 34881.0 47196.0 20841.0 4105.0 21.458982 
rd84_142
12.0 343.0 445.0 162.0 34.0 0.674229 
inc_237
0.0 10619.0 13094.0 6569.0 825.0 0.54163 
sqn_258
20.0 10223.0 13370.0 6142.0 1049.0 7.023519 
alu-v2_33
80.0 37.0 43.0 22.0 2.0 0.111241 
sao2_257
2.0 38577.0 51228.0 23703.0 4217.0 17.604391 
co14_215
2.0 17936.0 24770.0 10758.0 2278.0 4.293114 
decod24-v1_41
64.0 85.0 97.0 50.0 4.0 0.178194 
4mod5-v0_20
0.0 20.0 20.0 12.0 0.0 0.003051 
alu-v4_37
68.0 37.0 43.0 22.0 2.0 0.105325 
urf3_155
20.0 423488.0 578150.0 258735.0 51554.0 242.643293 
misex1_241
0.0 4813.0 5740.0 2933.0 309.0 0.737626 
alu-v0_27
68.0 36.0 42.0 21.0 2.0 0.214909 
4mod5-v1_24
0.0 36.0 36.0 21.0 0.0 0.003357 
4mod7-v1_96
109.0 164.0 203.0 94.0 13.0 0.453637 
cm82a_208
102.0 650.0 743.0 355.0 31.0 1.817077 
ham15_107
0.0 8763.0 11883.0 5797.0 1040.0 0.294949 
0example
67.0 9.0 12.0 6.0 1.0 0.058627 
dc1_220
11.0 1914.0 2250.0 1123.0 112.0 0.48193 
4gt4-v1_74
29.0 273.0 300.0 168.0 9.0 0.688124 
rd32-v1_68
0.0 36.0 36.0 21.0 0.0 0.002343 
decod24-v0_38
0.0 51.0 51.0 30.0 0.0 0.003614 
sym6_316
103.0 270.0 336.0 147.0 22.0 3.533236 
alu-v0_26
3.0 84.0 105.0 53.0 7.0 0.229636 
clip_206
1.0 33827.0 45431.0 21398.0 3868.0 5.549356 
4mod5-v0_18
90.0 69.0 75.0 40.0 2.0 0.18038 
cm85a_209
4.0 11414.0 14645.0 7335.0 1077.0 6.244412 
alu-v4_36
103.0 115.0 139.0 66.0 8.0 0.250795 
one-two-three-v0_97
2.0 290.0 353.0 173.0 21.0 0.686103 
4gt13_90
0.0 107.0 128.0 65.0 7.0 0.240258 
mod5d2_64
10.0 53.0 65.0 39.0 4.0 0.131344 
ground_state_estimation_10
18.0 390180.0 412779.0 221026.0 7533.0 155.996501 
C17_204
61.0 467.0 542.0 275.0 25.0 1.363427 
4gt13_92
0.0 66.0 66.0 38.0 0.0 0.002251 
rd53_130
73.0 1043.0 1256.0 585.0 71.0 2.774563 
alu-v3_34
12.0 52.0 58.0 30.0 2.0 0.145835 
decod24-bdd_294
80.0 73.0 79.0 40.0 2.0 0.206721 
4gt5_76
102.0 91.0 112.0 56.0 7.0 0.257383 
sym9_146
35.0 328.0 427.0 155.0 33.0 0.450699 
4mod5-v1_22
0.0 21.0 21.0 12.0 0.0 0.002744 
rd32_270
61.0 84.0 93.0 47.0 3.0 0.191595 
hwb4_49
5.0 233.0 275.0 141.0 14.0 0.508721 
urf5_280
27.0 49829.0 68591.0 32125.0 6254.0 99.288374 
4gt5_77
13.0 131.0 167.0 82.0 12.0 0.309058 
rd84_253
1.0 13658.0 18254.0 8624.0 1532.0 10.262833 
4_49_16
76.0 217.0 259.0 125.0 14.0 0.453281 
qft_10
21.0 200.0 260.0 55.0 20.0 0.267844 
4mod5-bdd_287
64.0 70.0 73.0 41.0 1.0 0.18286 
qft_16
0.0 512.0 716.0 157.0 68.0 0.056306 
urf1_149
51.0 184864.0 250045.0 121835.0 21727.0 313.321891 
urf5_158
17.0 164416.0 220669.0 102937.0 18751.0 274.756704 
urf3_279
1.0 125362.0 182884.0 90135.0 19174.0 82.211788 
4gt12-v0_86
84.0 251.0 266.0 135.0 5.0 0.688582 
4gt4-v0_73
111.0 395.0 446.0 227.0 17.0 1.127287 
alu-v1_29
68.0 37.0 43.0 22.0 2.0 0.108816 
alu-bdd_288
77.0 84.0 96.0 48.0 4.0 1.270127 
decod24-v2_43
0.0 52.0 52.0 30.0 0.0 0.003128 
mod8-10_178
3.0 342.0 357.0 193.0 5.0 0.754646 
one-two-three-v0_98
46.0 146.0 176.0 82.0 10.0 0.370394 
4gt4-v0_78
19.0 235.0 259.0 144.0 8.0 0.840133 
4mod5-v0_19
0.0 35.0 35.0 21.0 0.0 0.002325 
alu-v2_30
1.0 504.0 567.0 288.0 21.0 1.355066 
alu-v3_35
65.0 37.0 43.0 22.0 2.0 0.104683 
dist_223
0.0 38046.0 49683.0 23223.0 3879.0 25.430959 
4gt4-v0_79
26.0 231.0 261.0 145.0 10.0 0.604249 
hwb8_113
66.0 69380.0 91472.0 45940.0 7364.0 113.519578 
ex3_229
31.0 403.0 424.0 229.0 7.0 1.130577 
xor5_254
0.0 7.0 7.0 5.0 0.0 0.001482 
f2_232
71.0 1206.0 1350.0 668.0 48.0 3.090594 
