rd53_138
112.0 132.0 168.0 56.0 12.0 0.527297 
4gt13-v1_93
0.0 68.0 68.0 39.0 0.0 0.004035 
mod5mils_65
0.0 35.0 35.0 21.0 0.0 0.003287 
mod5d1_63
0.0 22.0 22.0 13.0 0.0 0.003042 
sym10_262
3.0 64283.0 93161.0 40432.0 9626.0 39.693508 
aj-e11_165
0.0 151.0 175.0 86.0 8.0 0.358084 
hwb9_119
7.0 207775.0 292600.0 123697.0 28275.0 125.982723 
4gt11_83
0.0 23.0 23.0 16.0 0.0 0.066876 
cm42a_207
12.0 1776.0 2127.0 1005.0 117.0 1.117834 
4gt4-v0_72
67.0 258.0 288.0 137.0 10.0 0.691847 
max46_240
16.0 27126.0 37956.0 15430.0 3610.0 17.018942 
dc2_222
0.0 9462.0 13524.0 6060.0 1354.0 0.323059 
sym9_193
9.0 34881.0 48903.0 20507.0 4674.0 21.842488 
rd53_135
84.0 296.0 395.0 159.0 33.0 0.926427 
mod10_171
35.0 244.0 304.0 139.0 20.0 0.527785 
ising_model_13
0.0 633.0 633.0 47.0 0.0 0.008108 
adr4_197
20.0 3439.0 4810.0 2146.0 457.0 2.474564 
4gt11_84
0.0 18.0 18.0 11.0 0.0 0.004087 
4gt11_82
0.0 27.0 30.0 20.0 1.0 0.085733 
wim_266
6.0 986.0 1313.0 527.0 109.0 0.663627 
rd53_131
40.0 469.0 532.0 261.0 21.0 1.204822 
mod8-10_177
45.0 440.0 515.0 251.0 25.0 1.056444 
4gt10-v1_81
93.0 148.0 187.0 84.0 13.0 0.360998 
alu-v1_28
67.0 37.0 43.0 22.0 2.0 0.103926 
cnt3-5_179
8.0 175.0 193.0 61.0 6.0 0.066621 
square_root_7
27.0 7630.0 10183.0 4147.0 851.0 7.074533 
one-two-three-v1_99
103.0 132.0 162.0 76.0 10.0 0.306302 
mini_alu_305
122.0 173.0 215.0 78.0 14.0 1.113539 
rd53_311
44.0 275.0 395.0 135.0 40.0 0.841881 
3_17_13
0.0 36.0 36.0 22.0 0.0 0.002644 
rd73_252
12.0 5321.0 7322.0 3046.0 667.0 5.09832 
4gt4-v0_80
110.0 179.0 206.0 101.0 9.0 0.532685 
hwb7_59
62.0 24379.0 34402.0 13658.0 3341.0 44.615632 
ham3_102
0.0 20.0 20.0 13.0 0.0 0.010587 
cnt3-5_180
28.0 485.0 653.0 226.0 56.0 0.784711 
rd53_133
41.0 580.0 712.0 327.0 44.0 1.50611 
4mod7-v0_94
64.0 162.0 201.0 92.0 13.0 0.365401 
plus63mod4096_163
19.0 128744.0 188486.0 85255.0 19914.0 89.64384 
mini-alu_167
77.0 288.0 369.0 162.0 27.0 0.703079 
root_255
11.0 17159.0 24152.0 10099.0 2331.0 11.360442 
z4_268
8.0 3073.0 4105.0 1673.0 344.0 2.008829 
majority_239
94.0 612.0 744.0 344.0 44.0 1.712737 
ex2_227
111.0 631.0 778.0 355.0 49.0 1.59386 
urf2_277
65.0 20112.0 30621.0 11637.0 3503.0 44.60424 
one-two-three-v3_101
7.0 70.0 82.0 40.0 4.0 0.156473 
4gt13_91
0.0 103.0 124.0 61.0 7.0 0.24341 
4gt12-v1_89
92.0 228.0 282.0 130.0 18.0 0.670741 
sqrt8_260
17.0 3009.0 4308.0 1761.0 433.0 1.832008 
rd32-v0_66
0.0 34.0 34.0 20.0 0.0 0.003557 
sym9_148
19.0 21504.0 28170.0 12788.0 2222.0 12.55844 
4gt5_75
65.0 83.0 113.0 47.0 10.0 0.285371 
0410184_169
3.0 211.0 244.0 104.0 11.0 0.049954 
urf2_152
70.0 80480.0 112337.0 44613.0 10619.0 147.246408 
urf1_278
23.0 54766.0 78940.0 33323.0 8058.0 109.179116 
sym6_145
41.0 3888.0 4920.0 2187.0 344.0 11.077653 
alu-v2_32
15.0 163.0 208.0 92.0 15.0 0.379221 
4gt12-v0_88
60.0 194.0 218.0 108.0 8.0 0.47491 
squar5_261
13.0 1993.0 2590.0 1111.0 199.0 1.262977 
alu-v2_31
16.0 451.0 571.0 255.0 40.0 1.226514 
hwb5_53
93.0 1336.0 1645.0 758.0 103.0 3.554127 
one-two-three-v2_100
2.0 69.0 78.0 40.0 3.0 0.151334 
cycle10_2_110
10.0 6050.0 8534.0 3596.0 828.0 3.928918 
urf6_160
1.0 171840.0 252642.0 109912.0 26934.0 26.920487 
ising_model_10
0.0 480.0 480.0 45.0 0.0 0.055807 
sys6-v0_111
68.0 215.0 269.0 100.0 18.0 0.755769 
plus63mod8192_164
3.0 187112.0 273893.0 126289.0 28927.0 29.858174 
mod5adder_127
17.0 555.0 627.0 319.0 24.0 1.327326 
rd73_140
22.0 230.0 317.0 97.0 29.0 0.690338 
4mod5-v1_23
1.0 69.0 84.0 41.0 5.0 0.18837 
graycode6_47
0.0 5.0 5.0 5.0 0.0 0.002312 
ising_model_16
0.0 786.0 786.0 52.0 0.0 0.009195 
ham7_104
61.0 320.0 392.0 185.0 24.0 0.810237 
ex-1_166
0.0 19.0 19.0 12.0 0.0 0.002569 
decod24-v3_45
8.0 150.0 189.0 84.0 13.0 0.423029 
urf4_187
4.0 512064.0 703815.0 281500.0 63917.0 323.6789 
life_238
6.0 22445.0 30911.0 13398.0 2822.0 14.171818 
con1_216
12.0 954.0 1224.0 513.0 90.0 0.593019 
hwb6_56
92.0 6723.0 9309.0 3736.0 862.0 19.211123 
mod10_176
42.0 178.0 229.0 106.0 17.0 0.487665 
ex1_226
0.0 7.0 7.0 5.0 0.0 0.00275 
sf_276
92.0 778.0 862.0 435.0 28.0 1.82299 
cm152a_212
40.0 1221.0 1497.0 690.0 92.0 1.388999 
4gt12-v0_87
84.0 247.0 298.0 131.0 17.0 0.670721 
decod24-enable_126
66.0 338.0 428.0 190.0 30.0 0.953639 
radd_250
17.0 3213.0 4398.0 1970.0 395.0 3.474946 
pm1_249
12.0 1776.0 2127.0 1005.0 117.0 1.141569 
sf_274
10.0 781.0 811.0 436.0 10.0 1.957105 
miller_11
0.0 50.0 50.0 29.0 0.0 0.00353 
rd53_251
26.0 1291.0 1687.0 717.0 132.0 1.242616 
mlp4_245
0.0 18852.0 26616.0 11809.0 2588.0 0.492185 
9symml_195
9.0 34881.0 48903.0 20507.0 4674.0 21.728703 
rd84_142
44.0 343.0 481.0 143.0 46.0 0.819643 
inc_237
0.0 10619.0 14138.0 6401.0 1173.0 0.563225 
sqn_258
5.0 10223.0 13862.0 5724.0 1213.0 6.797639 
alu-v2_33
20.0 37.0 49.0 22.0 4.0 0.113031 
sao2_257
3.0 38577.0 55080.0 23309.0 5501.0 20.866156 
co14_215
4.0 17936.0 26408.0 10402.0 2824.0 3.869974 
decod24-v1_41
64.0 85.0 97.0 50.0 4.0 0.197487 
4mod5-v0_20
0.0 20.0 20.0 12.0 0.0 0.003284 
alu-v4_37
13.0 37.0 49.0 22.0 4.0 0.131524 
urf3_155
20.0 423488.0 624503.0 242433.0 67005.0 304.559102 
misex1_241
0.0 4813.0 5614.0 2796.0 267.0 0.747859 
alu-v0_27
13.0 36.0 48.0 21.0 4.0 0.173645 
4mod5-v1_24
0.0 36.0 36.0 21.0 0.0 0.003063 
4mod7-v1_96
102.0 164.0 203.0 94.0 13.0 0.456311 
cm82a_208
87.0 650.0 800.0 340.0 50.0 1.691144 
ham15_107
0.0 8763.0 12138.0 5419.0 1125.0 0.318121 
0example
4.0 9.0 15.0 6.0 2.0 0.053309 
dc1_220
6.0 1914.0 2388.0 1075.0 158.0 0.823498 
4gt4-v1_74
16.0 273.0 303.0 154.0 10.0 0.738752 
rd32-v1_68
0.0 36.0 36.0 21.0 0.0 0.003711 
decod24-v0_38
0.0 51.0 51.0 30.0 0.0 0.003941 
sym6_316
97.0 270.0 363.0 146.0 31.0 3.576594 
alu-v0_26
10.0 84.0 111.0 49.0 9.0 0.240608 
clip_206
1.0 33827.0 47513.0 21179.0 4562.0 5.439146 
4mod5-v0_18
0.0 69.0 84.0 40.0 5.0 0.177566 
cm85a_209
0.0 11414.0 15149.0 7036.0 1245.0 5.246652 
alu-v4_36
103.0 115.0 139.0 66.0 8.0 0.285619 
one-two-three-v0_97
86.0 290.0 359.0 163.0 23.0 0.687053 
4gt13_90
0.0 107.0 128.0 65.0 7.0 0.248464 
mod5d2_64
28.0 53.0 65.0 32.0 4.0 0.153922 
ground_state_estimation_10
13.0 390180.0 422397.0 220353.0 10739.0 153.798915 
C17_204
109.0 467.0 575.0 253.0 36.0 1.37175 
4gt13_92
0.0 66.0 66.0 38.0 0.0 0.004473 
rd53_130
62.0 1043.0 1319.0 569.0 92.0 2.840316 
alu-v3_34
110.0 52.0 61.0 30.0 3.0 0.159742 
decod24-bdd_294
80.0 73.0 79.0 40.0 2.0 0.228397 
4gt5_76
102.0 91.0 112.0 56.0 7.0 0.254473 
sym9_146
28.0 328.0 451.0 133.0 41.0 0.445602 
4mod5-v1_22
0.0 21.0 21.0 12.0 0.0 0.00331 
rd32_270
61.0 84.0 93.0 47.0 3.0 0.280911 
hwb4_49
0.0 233.0 278.0 134.0 15.0 0.583092 
urf5_280
52.0 49829.0 70814.0 29723.0 6995.0 97.939893 
4gt5_77
110.0 131.0 167.0 74.0 12.0 0.341769 
rd84_253
11.0 13658.0 19334.0 8165.0 1892.0 9.382351 
4_49_16
76.0 217.0 259.0 125.0 14.0 0.467602 
qft_10
8.0 200.0 275.0 47.0 25.0 0.287798 
4mod5-bdd_287
64.0 70.0 73.0 41.0 1.0 0.186331 
qft_16
0.0 512.0 740.0 139.0 76.0 0.091338 
urf1_149
68.0 184864.0 255424.0 105937.0 23520.0 326.35424 
urf5_158
28.0 164416.0 225022.0 93126.0 20202.0 284.695581 
urf3_279
13.0 125362.0 185968.0 75417.0 20202.0 89.500639 
4gt12-v0_86
84.0 251.0 305.0 135.0 18.0 0.723035 
4gt4-v0_73
111.0 395.0 449.0 227.0 18.0 1.069558 
alu-v1_29
13.0 37.0 49.0 22.0 4.0 0.104715 
alu-bdd_288
77.0 84.0 96.0 48.0 4.0 0.263581 
decod24-v2_43
0.0 52.0 52.0 30.0 0.0 0.002918 
mod8-10_178
21.0 342.0 381.0 193.0 13.0 0.836417 
one-two-three-v0_98
34.0 146.0 179.0 82.0 11.0 0.351968 
4gt4-v0_78
54.0 235.0 271.0 137.0 12.0 0.924454 
4mod5-v0_19
0.0 35.0 35.0 21.0 0.0 0.003438 
alu-v2_30
67.0 504.0 627.0 285.0 41.0 1.353767 
alu-v3_35
65.0 37.0 43.0 22.0 2.0 0.128905 
dist_223
22.0 38046.0 53118.0 22842.0 5024.0 26.530772 
4gt4-v0_79
92.0 231.0 282.0 132.0 17.0 0.596178 
hwb8_113
58.0 69380.0 98297.0 41189.0 9639.0 132.322593 
ex3_229
34.0 403.0 424.0 226.0 7.0 0.797413 
xor5_254
0.0 7.0 7.0 5.0 0.0 0.002289 
f2_232
68.0 1206.0 1389.0 668.0 61.0 3.317635 
