rd53_138
93.0 132.0 162.0 56.0 10.0 0.424466 
4gt13-v1_93
0.0 68.0 68.0 39.0 0.0 0.004035 
mod5mils_65
0.0 35.0 35.0 21.0 0.0 0.003287 
mod5d1_63
0.0 22.0 22.0 13.0 0.0 0.003042 
sym10_262
16.0 64283.0 89051.0 41987.0 8256.0 41.427005 
aj-e11_165
0.0 151.0 175.0 86.0 8.0 0.358084 
hwb9_119
7.0 207775.0 292600.0 123697.0 28275.0 125.982723 
4gt11_83
0.0 23.0 23.0 16.0 0.0 0.066876 
cm42a_207
11.0 1776.0 2091.0 1043.0 105.0 0.940035 
4gt4-v0_72
67.0 258.0 288.0 137.0 10.0 0.691847 
max46_240
0.0 27126.0 36759.0 16343.0 3211.0 16.670366 
dc2_222
0.0 9462.0 13203.0 6580.0 1247.0 0.384204 
sym9_193
9.0 34881.0 48060.0 20727.0 4393.0 22.489483 
rd53_135
84.0 296.0 353.0 159.0 19.0 1.023578 
mod10_171
0.0 244.0 295.0 159.0 17.0 0.598073 
ising_model_13
0.0 633.0 633.0 47.0 0.0 0.008108 
adr4_197
7.0 3439.0 4591.0 2351.0 384.0 2.246668 
4gt11_84
0.0 18.0 18.0 11.0 0.0 0.004087 
4gt11_82
0.0 27.0 30.0 20.0 1.0 0.085733 
wim_266
3.0 986.0 1217.0 587.0 77.0 0.603451 
rd53_131
40.0 469.0 532.0 261.0 21.0 1.204822 
mod8-10_177
57.0 440.0 479.0 251.0 13.0 1.338803 
4gt10-v1_81
18.0 148.0 184.0 84.0 12.0 0.359167 
alu-v1_28
67.0 37.0 43.0 22.0 2.0 0.103926 
cnt3-5_179
8.0 175.0 193.0 61.0 6.0 0.066621 
square_root_7
16.0 7630.0 9361.0 4485.0 577.0 8.96271 
one-two-three-v1_99
103.0 132.0 162.0 76.0 10.0 0.306302 
mini_alu_305
45.0 173.0 200.0 81.0 9.0 0.957678 
rd53_311
71.0 275.0 374.0 142.0 33.0 0.865073 
3_17_13
0.0 36.0 36.0 22.0 0.0 0.002644 
rd73_252
7.0 5321.0 7166.0 3074.0 615.0 3.306994 
4gt4-v0_80
14.0 179.0 206.0 109.0 9.0 0.557393 
hwb7_59
41.0 24379.0 32845.0 14202.0 2822.0 47.29839 
ham3_102
0.0 20.0 20.0 13.0 0.0 0.010587 
cnt3-5_180
9.0 485.0 626.0 244.0 47.0 0.719261 
rd53_133
56.0 580.0 685.0 356.0 35.0 1.531824 
4mod7-v0_94
64.0 162.0 186.0 92.0 8.0 0.402528 
plus63mod4096_163
13.0 128744.0 182726.0 86967.0 17994.0 81.04352 
mini-alu_167
3.0 288.0 360.0 199.0 24.0 0.692465 
root_255
7.0 17159.0 23225.0 10452.0 2022.0 11.235069 
z4_268
6.0 3073.0 4093.0 1702.0 340.0 1.983695 
majority_239
17.0 612.0 720.0 369.0 36.0 1.865057 
ex2_227
3.0 631.0 733.0 355.0 34.0 1.594079 
urf2_277
37.0 20112.0 29340.0 12074.0 3076.0 48.715298 
one-two-three-v3_101
30.0 70.0 79.0 45.0 3.0 0.165724 
4gt13_91
0.0 103.0 124.0 61.0 7.0 0.24341 
4gt12-v1_89
20.0 228.0 261.0 144.0 11.0 0.513414 
sqrt8_260
17.0 3009.0 3951.0 1851.0 314.0 1.92079 
rd32-v0_66
0.0 34.0 34.0 20.0 0.0 0.003557 
sym9_148
19.0 21504.0 26382.0 12871.0 1626.0 11.90033 
4gt5_75
64.0 83.0 98.0 47.0 5.0 0.247098 
0410184_169
4.0 211.0 238.0 113.0 9.0 0.045954 
urf2_152
17.0 80480.0 106349.0 47185.0 8623.0 138.284698 
urf1_278
23.0 54766.0 78940.0 33323.0 8058.0 109.179116 
sym6_145
41.0 3888.0 4569.0 2187.0 227.0 11.615365 
alu-v2_32
9.0 163.0 205.0 92.0 14.0 0.406101 
4gt12-v0_88
14.0 194.0 212.0 111.0 6.0 0.513022 
squar5_261
17.0 1993.0 2509.0 1130.0 172.0 1.155563 
alu-v2_31
3.0 451.0 559.0 316.0 36.0 1.126412 
hwb5_53
52.0 1336.0 1579.0 793.0 81.0 3.652606 
one-two-three-v2_100
2.0 69.0 78.0 40.0 3.0 0.151334 
cycle10_2_110
18.0 6050.0 8213.0 3749.0 721.0 4.001441 
urf6_160
3.0 171840.0 249942.0 111828.0 26034.0 31.598334 
ising_model_10
0.0 480.0 480.0 45.0 0.0 0.055807 
sys6-v0_111
68.0 215.0 269.0 100.0 18.0 0.755769 
plus63mod8192_164
0.0 187112.0 272447.0 128929.0 28445.0 29.954528 
mod5adder_127
17.0 555.0 624.0 323.0 23.0 1.490206 
rd73_140
80.0 230.0 302.0 124.0 24.0 0.912778 
4mod5-v1_23
90.0 69.0 75.0 41.0 2.0 0.193593 
graycode6_47
0.0 5.0 5.0 5.0 0.0 0.002312 
ising_model_16
0.0 786.0 786.0 52.0 0.0 0.009195 
ham7_104
44.0 320.0 392.0 190.0 24.0 0.813159 
ex-1_166
0.0 19.0 19.0 12.0 0.0 0.002569 
decod24-v3_45
4.0 150.0 189.0 92.0 13.0 0.368057 
urf4_187
15.0 512064.0 672498.0 302496.0 53478.0 323.561896 
life_238
18.0 22445.0 30707.0 13641.0 2754.0 14.760604 
con1_216
23.0 954.0 1149.0 527.0 65.0 0.578003 
hwb6_56
96.0 6723.0 8202.0 3742.0 493.0 19.970533 
mod10_176
6.0 178.0 220.0 127.0 14.0 0.39597 
ex1_226
0.0 7.0 7.0 5.0 0.0 0.00275 
sf_276
113.0 778.0 814.0 435.0 12.0 1.971564 
cm152a_212
8.0 1221.0 1479.0 706.0 86.0 1.482985 
4gt12-v0_87
84.0 247.0 259.0 131.0 4.0 0.745971 
decod24-enable_126
0.0 338.0 410.0 207.0 24.0 0.983331 
radd_250
14.0 3213.0 4203.0 2136.0 330.0 2.752776 
pm1_249
11.0 1776.0 2091.0 1043.0 105.0 0.979762 
sf_274
4.0 781.0 811.0 442.0 10.0 1.992557 
miller_11
0.0 50.0 50.0 29.0 0.0 0.00353 
rd53_251
21.0 1291.0 1561.0 736.0 90.0 1.394017 
mlp4_245
0.0 18852.0 26025.0 12269.0 2391.0 0.575738 
9symml_195
9.0 34881.0 48060.0 20727.0 4393.0 22.325824 
rd84_142
12.0 343.0 457.0 172.0 38.0 0.845296 
inc_237
0.0 10619.0 13991.0 6792.0 1124.0 0.569506 
sqn_258
20.0 10223.0 13589.0 6153.0 1122.0 6.813538 
alu-v2_33
80.0 37.0 43.0 22.0 2.0 0.129297 
sao2_257
3.0 38577.0 53442.0 23716.0 4955.0 20.161671 
co14_215
0.0 17936.0 26189.0 10929.0 2751.0 3.607811 
decod24-v1_41
64.0 85.0 97.0 50.0 4.0 0.197487 
4mod5-v0_20
0.0 20.0 20.0 12.0 0.0 0.003284 
alu-v4_37
68.0 37.0 43.0 22.0 2.0 0.145019 
urf3_155
8.0 423488.0 594977.0 244100.0 57163.0 254.487136 
misex1_241
0.0 4813.0 5614.0 2796.0 267.0 0.747859 
alu-v0_27
68.0 36.0 42.0 21.0 2.0 0.129395 
4mod5-v1_24
0.0 36.0 36.0 21.0 0.0 0.003063 
4mod7-v1_96
102.0 164.0 203.0 94.0 13.0 0.456311 
cm82a_208
103.0 650.0 731.0 346.0 27.0 1.903366 
ham15_107
0.0 8763.0 11934.0 5630.0 1057.0 0.275753 
0example
67.0 9.0 12.0 6.0 1.0 0.061981 
dc1_220
9.0 1914.0 2289.0 1187.0 125.0 0.888784 
4gt4-v1_74
16.0 273.0 303.0 154.0 10.0 0.738752 
rd32-v1_68
0.0 36.0 36.0 21.0 0.0 0.003711 
decod24-v0_38
0.0 51.0 51.0 30.0 0.0 0.003941 
sym6_316
103.0 270.0 336.0 147.0 22.0 3.754647 
alu-v0_26
1.0 84.0 102.0 49.0 6.0 0.227254 
clip_206
4.0 33827.0 46856.0 21387.0 4343.0 5.4793 
4mod5-v0_18
90.0 69.0 75.0 40.0 2.0 0.198816 
cm85a_209
11.0 11414.0 14963.0 7329.0 1183.0 5.234341 
alu-v4_36
103.0 115.0 139.0 66.0 8.0 0.285619 
one-two-three-v0_97
9.0 290.0 350.0 167.0 20.0 0.749363 
4gt13_90
0.0 107.0 128.0 65.0 7.0 0.248464 
mod5d2_64
10.0 53.0 65.0 39.0 4.0 0.14411 
ground_state_estimation_10
23.0 390180.0 415224.0 223578.0 8348.0 155.376491 
C17_204
62.0 467.0 539.0 262.0 24.0 1.488875 
4gt13_92
0.0 66.0 66.0 38.0 0.0 0.004473 
rd53_130
62.0 1043.0 1259.0 569.0 72.0 2.786874 
alu-v3_34
12.0 52.0 58.0 30.0 2.0 0.172863 
decod24-bdd_294
80.0 73.0 79.0 40.0 2.0 0.228397 
4gt5_76
102.0 91.0 112.0 56.0 7.0 0.254473 
sym9_146
22.0 328.0 427.0 167.0 33.0 0.428308 
4mod5-v1_22
0.0 21.0 21.0 12.0 0.0 0.00331 
rd32_270
61.0 84.0 93.0 47.0 3.0 0.280911 
hwb4_49
5.0 233.0 275.0 141.0 14.0 0.543655 
urf5_280
43.0 49829.0 70700.0 30979.0 6957.0 99.072176 
4gt5_77
110.0 131.0 167.0 74.0 12.0 0.341769 
rd84_253
18.0 13658.0 18905.0 8591.0 1749.0 8.958235 
4_49_16
76.0 217.0 259.0 125.0 14.0 0.467602 
qft_10
13.0 200.0 266.0 53.0 22.0 0.353111 
4mod5-bdd_287
64.0 70.0 73.0 41.0 1.0 0.186331 
qft_16
0.0 512.0 737.0 151.0 75.0 0.193525 
urf1_149
68.0 184864.0 254182.0 106517.0 23106.0 335.266535 
urf5_158
28.0 164416.0 225022.0 93126.0 20202.0 284.695581 
urf3_279
13.0 125362.0 185311.0 79031.0 19983.0 99.412704 
4gt12-v0_86
84.0 251.0 266.0 135.0 5.0 0.758133 
4gt4-v0_73
111.0 395.0 446.0 227.0 17.0 1.203769 
alu-v1_29
68.0 37.0 43.0 22.0 2.0 0.12115 
alu-bdd_288
77.0 84.0 96.0 48.0 4.0 0.263581 
decod24-v2_43
0.0 52.0 52.0 30.0 0.0 0.002918 
mod8-10_178
3.0 342.0 357.0 193.0 5.0 0.850505 
one-two-three-v0_98
46.0 146.0 176.0 82.0 10.0 0.383927 
4gt4-v0_78
24.0 235.0 259.0 139.0 8.0 0.542728 
4mod5-v0_19
0.0 35.0 35.0 21.0 0.0 0.003438 
alu-v2_30
37.0 504.0 567.0 285.0 21.0 1.283175 
alu-v3_35
65.0 37.0 43.0 22.0 2.0 0.128905 
dist_223
0.0 38046.0 51438.0 23516.0 4464.0 27.049419 
4gt4-v0_79
64.0 231.0 261.0 132.0 10.0 0.625883 
hwb8_113
17.0 69380.0 92522.0 42325.0 7714.0 119.263563 
ex3_229
31.0 403.0 424.0 229.0 7.0 0.772461 
xor5_254
0.0 7.0 7.0 5.0 0.0 0.002289 
f2_232
67.0 1206.0 1386.0 671.0 60.0 5.063361 
