rd53_138
93.0 132.0 162.0 56.0 10.0 0.426758 
4gt13-v1_93
0.0 68.0 68.0 39.0 0.0 0.003985 
mod5mils_65
0.0 35.0 35.0 21.0 0.0 0.001682 
mod5d1_63
0.0 22.0 22.0 13.0 0.0 0.00151 
sym10_262
7.0 64283.0 92525.0 39998.0 9414.0 41.527117 
aj-e11_165
0.0 151.0 175.0 86.0 8.0 0.358183 
hwb9_119
18.0 207775.0 288475.0 123002.0 26900.0 120.985884 
4gt11_83
0.0 23.0 23.0 16.0 0.0 0.065316 
cm42a_207
11.0 1776.0 2178.0 1010.0 134.0 1.052678 
4gt4-v0_72
56.0 258.0 288.0 137.0 10.0 0.68241 
max46_240
13.0 27126.0 37104.0 15416.0 3326.0 16.777229 
dc2_222
0.0 9462.0 12960.0 5944.0 1166.0 0.266546 
sym9_193
3.0 34881.0 47319.0 20492.0 4146.0 21.406054 
rd53_135
93.0 296.0 359.0 159.0 21.0 0.881222 
mod10_171
64.0 244.0 304.0 139.0 20.0 0.526866 
ising_model_13
0.0 633.0 633.0 47.0 0.0 0.008411 
adr4_197
22.0 3439.0 4726.0 2139.0 429.0 2.088517 
4gt11_84
0.0 18.0 18.0 11.0 0.0 0.004135 
4gt11_82
0.0 27.0 30.0 20.0 1.0 0.077162 
wim_266
18.0 986.0 1259.0 548.0 91.0 0.617839 
rd53_131
40.0 469.0 532.0 261.0 21.0 1.202647 
mod8-10_177
45.0 440.0 515.0 251.0 25.0 1.068379 
4gt10-v1_81
93.0 148.0 187.0 84.0 13.0 0.351705 
alu-v1_28
67.0 37.0 43.0 22.0 2.0 0.111932 
cnt3-5_179
0.0 175.0 190.0 61.0 5.0 0.042207 
square_root_7
30.0 7630.0 9823.0 4118.0 731.0 7.183934 
one-two-three-v1_99
103.0 132.0 162.0 76.0 10.0 0.303886 
mini_alu_305
45.0 173.0 200.0 74.0 9.0 0.92008 
rd53_311
44.0 275.0 398.0 137.0 41.0 0.778916 
3_17_13
0.0 36.0 36.0 22.0 0.0 0.003671 
rd73_252
20.0 5321.0 7139.0 2988.0 606.0 3.268295 
4gt4-v0_80
60.0 179.0 206.0 101.0 9.0 0.497306 
hwb7_59
44.0 24379.0 32563.0 13856.0 2728.0 45.773475 
ham3_102
0.0 20.0 20.0 13.0 0.0 0.01062 
cnt3-5_180
41.0 485.0 617.0 230.0 44.0 0.769549 
rd53_133
41.0 580.0 712.0 327.0 44.0 1.607344 
4mod7-v0_94
64.0 162.0 201.0 92.0 13.0 0.499195 
plus63mod4096_163
13.0 128744.0 184817.0 86046.0 18691.0 82.019244 
mini-alu_167
77.0 288.0 369.0 162.0 27.0 0.680784 
root_255
19.0 17159.0 23564.0 10195.0 2135.0 10.777395 
z4_268
19.0 3073.0 4204.0 1670.0 377.0 2.251101 
majority_239
94.0 612.0 744.0 344.0 44.0 1.645996 
ex2_227
111.0 631.0 778.0 355.0 49.0 1.667536 
urf2_277
43.0 20112.0 29919.0 11955.0 3269.0 43.688872 
one-two-three-v3_101
23.0 70.0 82.0 40.0 4.0 0.226126 
4gt13_91
0.0 103.0 124.0 61.0 7.0 0.24875 
4gt12-v1_89
80.0 228.0 261.0 130.0 11.0 0.544417 
sqrt8_260
2.0 3009.0 3987.0 1765.0 326.0 1.888366 
rd32-v0_66
0.0 34.0 34.0 20.0 0.0 0.004393 
sym9_148
7.0 21504.0 28353.0 12847.0 2283.0 12.740106 
4gt5_75
65.0 83.0 113.0 47.0 10.0 0.25386 
0410184_169
4.0 211.0 241.0 106.0 10.0 0.038413 
urf2_152
64.0 80480.0 112388.0 44703.0 10636.0 146.366817 
urf1_278
59.0 54766.0 78982.0 33537.0 8072.0 108.502129 
sym6_145
41.0 3888.0 4605.0 2187.0 239.0 10.468453 
alu-v2_32
39.0 163.0 208.0 92.0 15.0 0.570447 
4gt12-v0_88
23.0 194.0 221.0 108.0 9.0 0.490108 
squar5_261
13.0 1993.0 2512.0 1119.0 173.0 1.111665 
alu-v2_31
90.0 451.0 595.0 255.0 48.0 1.086664 
hwb5_53
111.0 1336.0 1798.0 758.0 154.0 4.094254 
one-two-three-v2_100
50.0 69.0 78.0 40.0 3.0 0.156906 
cycle10_2_110
0.0 6050.0 8198.0 3590.0 716.0 3.662409 
urf6_160
5.0 171840.0 247122.0 110976.0 25094.0 26.993503 
ising_model_10
0.0 480.0 480.0 45.0 0.0 0.070192 
sys6-v0_111
68.0 215.0 269.0 100.0 18.0 0.677904 
plus63mod8192_164
0.0 187112.0 268901.0 127950.0 27263.0 30.088977 
mod5adder_127
84.0 555.0 645.0 302.0 30.0 1.401761 
rd73_140
51.0 230.0 308.0 103.0 26.0 0.693705 
4mod5-v1_23
1.0 69.0 84.0 41.0 5.0 0.188437 
graycode6_47
0.0 5.0 5.0 5.0 0.0 0.002092 
ising_model_16
0.0 786.0 786.0 52.0 0.0 0.01182 
ham7_104
68.0 320.0 407.0 185.0 29.0 0.821881 
ex-1_166
0.0 19.0 19.0 12.0 0.0 0.00297 
decod24-v3_45
63.0 150.0 192.0 84.0 14.0 0.366701 
urf4_187
4.0 512064.0 707019.0 286015.0 64985.0 319.07229 
life_238
23.0 22445.0 31298.0 13282.0 2951.0 14.751633 
con1_216
14.0 954.0 1197.0 518.0 81.0 0.566926 
hwb6_56
92.0 6723.0 9135.0 3736.0 804.0 18.919895 
mod10_176
42.0 178.0 229.0 106.0 17.0 0.489533 
ex1_226
0.0 7.0 7.0 5.0 0.0 0.002379 
sf_276
92.0 778.0 862.0 435.0 28.0 1.872152 
cm152a_212
40.0 1221.0 1566.0 686.0 115.0 1.222471 
4gt12-v0_87
84.0 247.0 298.0 131.0 17.0 0.696003 
decod24-enable_126
66.0 338.0 425.0 190.0 29.0 0.947548 
radd_250
6.0 3213.0 4155.0 1997.0 314.0 2.027908 
pm1_249
11.0 1776.0 2178.0 1010.0 134.0 1.030801 
sf_274
84.0 781.0 832.0 436.0 17.0 1.921557 
miller_11
0.0 50.0 50.0 29.0 0.0 0.004083 
rd53_251
10.0 1291.0 1630.0 719.0 113.0 1.223918 
mlp4_245
0.0 18852.0 25893.0 11909.0 2347.0 0.500209 
9symml_195
3.0 34881.0 48009.0 20598.0 4376.0 22.20014 
rd84_142
18.0 343.0 487.0 154.0 48.0 0.686303 
inc_237
0.0 10619.0 13379.0 6615.0 920.0 0.536562 
sqn_258
5.0 10223.0 13931.0 5630.0 1236.0 6.28442 
alu-v2_33
68.0 37.0 43.0 22.0 2.0 0.122184 
sao2_257
3.0 38577.0 52020.0 22947.0 4481.0 17.922345 
co14_215
4.0 17936.0 25262.0 10219.0 2442.0 3.625247 
decod24-v1_41
64.0 85.0 97.0 50.0 4.0 0.184211 
4mod5-v0_20
0.0 20.0 20.0 12.0 0.0 0.003126 
alu-v4_37
68.0 37.0 43.0 22.0 2.0 0.149532 
urf3_155
10.0 423488.0 595385.0 244692.0 57299.0 262.828443 
misex1_241
3.0 4813.0 5998.0 2875.0 395.0 0.757231 
alu-v0_27
68.0 36.0 42.0 21.0 2.0 0.112388 
4mod5-v1_24
0.0 36.0 36.0 21.0 0.0 0.003477 
4mod7-v1_96
106.0 164.0 221.0 94.0 19.0 0.410056 
cm82a_208
87.0 650.0 800.0 340.0 50.0 1.618257 
ham15_107
0.0 8763.0 12669.0 5600.0 1302.0 0.308549 
0example
4.0 9.0 15.0 6.0 2.0 0.073235 
dc1_220
8.0 1914.0 2316.0 1091.0 134.0 0.554971 
4gt4-v1_74
29.0 273.0 306.0 166.0 11.0 0.704031 
rd32-v1_68
0.0 36.0 36.0 21.0 0.0 0.00371 
decod24-v0_38
0.0 51.0 51.0 30.0 0.0 0.003801 
sym6_316
163.0 270.0 357.0 144.0 29.0 3.408004 
alu-v0_26
47.0 84.0 111.0 49.0 9.0 0.242158 
clip_206
4.0 33827.0 46004.0 20977.0 4059.0 5.502531 
4mod5-v0_18
0.0 69.0 84.0 40.0 5.0 0.178045 
cm85a_209
16.0 11414.0 14627.0 7074.0 1071.0 5.141962 
alu-v4_36
103.0 115.0 139.0 66.0 8.0 0.38758 
one-two-three-v0_97
86.0 290.0 359.0 163.0 23.0 0.683918 
4gt13_90
0.0 107.0 128.0 65.0 7.0 0.247394 
mod5d2_64
13.0 53.0 65.0 32.0 4.0 0.157413 
ground_state_estimation_10
14.0 390180.0 417186.0 220403.0 9002.0 168.004042 
C17_204
109.0 467.0 590.0 253.0 41.0 1.637187 
4gt13_92
0.0 66.0 66.0 38.0 0.0 0.004486 
rd53_130
62.0 1043.0 1319.0 569.0 92.0 2.838634 
alu-v3_34
110.0 52.0 61.0 30.0 3.0 0.145533 
decod24-bdd_294
80.0 73.0 79.0 40.0 2.0 0.224133 
4gt5_76
102.0 91.0 112.0 56.0 7.0 0.30021 
sym9_146
23.0 328.0 436.0 149.0 36.0 0.446189 
4mod5-v1_22
0.0 21.0 21.0 12.0 0.0 0.003454 
rd32_270
61.0 84.0 93.0 47.0 3.0 0.197211 
hwb4_49
0.0 233.0 278.0 134.0 15.0 0.468833 
urf5_280
16.0 49829.0 71450.0 29507.0 7207.0 99.441037 
4gt5_77
59.0 131.0 170.0 74.0 13.0 0.526488 
rd84_253
13.0 13658.0 18857.0 8203.0 1733.0 8.635396 
4_49_16
76.0 217.0 259.0 125.0 14.0 0.46368 
qft_10
22.0 200.0 260.0 49.0 20.0 0.394963 
4mod5-bdd_287
64.0 70.0 73.0 41.0 1.0 0.2205 
qft_16
0.0 512.0 725.0 133.0 71.0 0.107029 
urf1_149
68.0 184864.0 261628.0 102852.0 25588.0 310.843194 
urf5_158
40.0 164416.0 222919.0 91281.0 19501.0 283.211469 
urf3_279
13.0 125362.0 189139.0 76919.0 21259.0 87.786056 
4gt12-v0_86
84.0 251.0 305.0 135.0 18.0 0.825624 
4gt4-v0_73
111.0 395.0 494.0 227.0 33.0 1.199448 
alu-v1_29
68.0 37.0 43.0 22.0 2.0 0.143373 
alu-bdd_288
60.0 84.0 114.0 48.0 10.0 0.30307 
decod24-v2_43
0.0 52.0 52.0 30.0 0.0 0.004019 
mod8-10_178
96.0 342.0 381.0 193.0 13.0 0.919126 
one-two-three-v0_98
28.0 146.0 185.0 82.0 13.0 0.425505 
4gt4-v0_78
55.0 235.0 274.0 137.0 13.0 0.612983 
4mod5-v0_19
0.0 35.0 35.0 21.0 0.0 0.003274 
alu-v2_30
64.0 504.0 582.0 285.0 26.0 1.429696 
alu-v3_35
65.0 37.0 43.0 22.0 2.0 0.129286 
dist_223
2.0 38046.0 51411.0 22983.0 4455.0 22.754864 
4gt4-v0_79
28.0 231.0 267.0 132.0 12.0 0.607898 
hwb8_113
41.0 69380.0 93818.0 40465.0 8146.0 119.332404 
ex3_229
30.0 403.0 427.0 226.0 8.0 0.864588 
xor5_254
0.0 7.0 7.0 5.0 0.0 0.003069 
f2_232
68.0 1206.0 1389.0 668.0 61.0 3.56358 
