4mod5-v1_24
15 0 6.628036499023438e-05
decod24-v3_45
51 7 4.7929770946502686
3_17_13
17 0 4.744529724121094e-05
alu-v1_28
17 2 0.7473964691162109
decod24-v1_41
33 3 0.9477522373199463
4mod5-v1_23
31 2 0.29172778129577637
sys6-v0_111
62 12 54.89679837226868
4gt4-v0_80
68 4 3.7183194160461426
4gt5_75
32 3 0.9589090347290039
alu-bdd_288
33 4 7.571662902832031
4gt13_91
43 4 2.666893243789673
mini_alu_305
62 7 61.36459398269653
ising_model_10
34 0 0.00028443336486816406
alu-v0_27
16 2 0.43993520736694336
4mod5-v0_18
31 2 0.2863330841064453
mod5d1_63
11 0 4.506111145019531e-05
4gt13-v1_93
27 0 9.512901306152344e-05
4gt12-v0_88
74 3 2.7642951011657715
4gt11_83
14 0 5.078315734863281e-05
decod24-v0_38
23 0 6.4849853515625e-05
one-two-three-v2_100
29 2 0.7504355907440186
rd32_270
31 3 0.4153439998626709
4gt11_84
8 0 2.6941299438476562e-05
4gt11_82
18 1 0.4416801929473877
alu-v4_36
41 4 0.963585615158081
graycode6_47
5 0 3.0279159545898438e-05
rd32-v0_66
16 0 4.410743713378906e-05
4mod5-v0_19
16 0 5.3882598876953125e-05
4gt10-v1_81
56 6 1.659895420074463
0example
7 1 0.18805575370788574
ham3_102
11 0 3.933906555175781e-05
alu-v2_32
61 6 3.2087960243225098
cnt3-5_179
41 4 204.88098096847534
alu-v4_37
17 2 0.43692851066589355
alu-v1_29
16 2 0.4311997890472412
4gt13_90
47 5 3.2351973056793213
one-two-three-v0_98
60 7 5.246278524398804
xor5_254
5 0 2.5033950805664062e-05
0410184_169
8 3 1.5120000839233398
alu-v3_35
17 2 0.6753847599029541
rd32-v1_68
16 0 4.839897155761719e-05
mod5d2_64
23 3 0.1368412971496582
4gt5_77
47 5 4.428262710571289
qft_10
71 12 92.76562428474426
one-two-three-v1_99
57 5 1.1388983726501465
4mod5-v0_20
28 2 0.7113845348358154
ex-1_166
9 0 2.9087066650390625e-05
mod10_176
74 7 3.7290196418762207
4mod5-bdd_287
28 2 2.694331169128418
decod24-v2_43
22 0 7.390975952148438e-05
rd53_138
45 9 47.49471092224121
4mod7-v1_96
63 8 4.150415897369385
4_49_16
84 8 1.9986956119537354
mod5mils_65
16 0 6.031990051269531e-05
ex1_226
5 0 2.5272369384765625e-05
alu-v0_26
32 3 2.2521984577178955
alu-v2_33
16 2 0.43393564224243164
4mod5-v1_22
10 0 3.814697265625e-05
4gt5_76
43 6 0.8318524360656738
alu-v3_34
23 2 0.28275084495544434
4mod7-v0_94
66 6 5.359870433807373
aj-e11_165
59 6 0.9476063251495361
decod24-bdd_294
31 2 1.3478972911834717
miller_11
23 0 5.8650970458984375e-05
4gt13_92
26 0 0.00010013580322265625
one-two-three-v3_101
28 2 0.7113845348358154
wim_266
338 41 493.1314091682434
rd53_131
162 15 27.61894941329956
rd53_251
491 44 117.79266381263733
mini-alu_167
116 12 5.366464853286743
sf_274
293 11 4.766887664794922
hwb5_53
533 46 47.49419593811035
rd53_133
211 19 40.587525367736816
4gt4-v0_79
91 6 2.6601052284240723
ising_model_16
39 0 0.00043129920959472656
con1_216
365 45 192.9573996067047
4gt12-v0_87
97 4 1.7639198303222656
cm82a_208
234 19 41.900208711624146
4gt12-v1_89
88 5 4.689931631088257
ising_model_13
31 0 0.0003237724304199219
4gt4-v1_74
107 8 6.156890392303467
4gt4-v0_78
97 7 8.901488542556763
cm152a_212
437 29 194.43012619018555
rd53_130
363 34 83.60588359832764
majority_239
218 19 61.02499079704285
C17_204
171 19 25.884411573410034
ex2_227
248 22 67.92694807052612
ex3_229
151 5 1.5219149589538574
cnt3-5_180
142 26 2149.3972175121307
alu-v2_30
204 14 7.312206506729126
mod8-10_177
177 11 3.4594781398773193
ham7_104
124 14 48.3866868019104
cm42a_207
623 55 2280.1953151226044
decod24-enable_126
132 13 9.655394077301025
4gt4-v0_73
162 13 5.736266136169434
rd53_135
123 14 18.456819534301758
f2_232
441 31 49.080891847610474
alu-v2_31
174 14 12.690741062164307
dc1_220
664 65 1402.1436855793
rd84_142
89 29 1000.3735492229462
mod10_171
97 9 8.745540618896484
4gt12-v0_86
99 5 2.7379043102264404
pm1_249
623 55 2057.8504576683044
sym9_146
112 21 384.90931367874146
one-two-three-v0_97
112 13 5.354083299636841
mod8-10_178
137 5 3.181041717529297
sym6_316
97 17 1149.2577638626099
mod5adder_127
218 23 12.40929388999939
rd73_140
80 21 76.99844241142273
qft_16
159 58 2619.6254875659943
4gt4-v0_72
98 7 3.381589651107788
hwb4_49
99 9 2.5965921878814697
squar5_261
684 85 3552.8628759384155
sf_276
296 15 5.070773124694824
rd53_311
96 19 340.88068294525146
adr4_197
1194 193 3164.3349330425262
z4_268
1056 182 1118.4975185394287
rd73_252
1875 282 1701.252111673355
radd_250
1137 180 2599.941513299942
hwb6_56
2430 334 411.80842685699463
sym6_145
1461 162 218.42445993423462
sqn_258
3623 430 2822.0273118019104