[20, 20, 20, 3, 4, 10, 20, 6, 7, 1, 20, 5, 8, 9, 0, 20, 20, 20, 2, 20]
[20, 20, 20, 20, 20, 20, 20, 6, 7, 4, 10, 0, 9, 8, 1, 5, 3, 20, 2, 20]
[20, 20, 20, 20, 4, 5, 20, 6, 8, 1, 20, 3, 7, 9, 0, 20, 10, 20, 2, 20]
[20, 20, 20, 0, 20, 5, 20, 6, 9, 4, 20, 3, 7, 8, 1, 20, 10, 20, 2, 20]
[20, 20, 20, 20, 20, 1, 20, 6, 8, 5, 20, 0, 9, 7, 2, 10, 4, 20, 3, 20]
[20, 20, 20, 0, 10, 4, 20, 6, 9, 5, 20, 1, 8, 7, 2, 20, 20, 20, 3, 20]
[20, 20, 20, 3, 4, 10, 20, 7, 6, 1, 20, 5, 8, 9, 0, 20, 20, 20, 2, 20]
[20, 20, 20, 20, 20, 20, 20, 7, 6, 4, 10, 0, 9, 8, 1, 5, 3, 20, 2, 20]
[20, 20, 20, 20, 4, 5, 20, 8, 6, 1, 20, 3, 7, 9, 0, 20, 10, 20, 2, 20]
[20, 0, 20, 20, 20, 5, 20, 9, 6, 4, 20, 3, 7, 8, 1, 20, 10, 20, 2, 20]
[20, 20, 20, 20, 20, 1, 20, 8, 6, 5, 20, 0, 9, 7, 2, 10, 4, 20, 3, 20]
[20, 0, 20, 20, 10, 4, 20, 9, 6, 5, 20, 1, 8, 7, 2, 20, 20, 20, 3, 20]
[20, 20, 20, 20, 20, 20, 20, 7, 8, 1, 20, 3, 6, 9, 0, 10, 4, 5, 2, 20]
[20, 20, 20, 0, 20, 20, 20, 7, 9, 4, 20, 3, 6, 8, 1, 10, 5, 20, 2, 20]
[20, 20, 20, 20, 20, 20, 20, 8, 7, 1, 20, 3, 6, 9, 0, 10, 4, 5, 2, 20]
[20, 0, 20, 20, 20, 20, 20, 9, 7, 4, 20, 3, 6, 8, 1, 10, 5, 20, 2, 20]
[20, 1, 20, 0, 20, 20, 20, 8, 9, 5, 20, 4, 6, 7, 2, 20, 10, 20, 3, 20]
[20, 0, 20, 1, 20, 20, 20, 9, 8, 5, 20, 4, 6, 7, 2, 20, 10, 20, 3, 20]
[20, 20, 20, 20, 20, 1, 2, 7, 8, 5, 20, 0, 9, 6, 3, 20, 10, 20, 4, 20]
[20, 20, 20, 0, 20, 20, 20, 7, 9, 20, 10, 1, 8, 6, 3, 5, 2, 20, 4, 20]
[20, 20, 20, 20, 20, 1, 2, 8, 7, 5, 20, 0, 9, 6, 3, 20, 10, 20, 4, 20]
[20, 0, 20, 20, 20, 20, 20, 9, 7, 20, 10, 1, 8, 6, 3, 5, 2, 20, 4, 20]
[20, 1, 20, 0, 20, 20, 20, 8, 9, 5, 20, 2, 7, 6, 3, 20, 10, 20, 4, 20]
[20, 0, 20, 1, 20, 20, 20, 9, 8, 5, 20, 2, 7, 6, 3, 20, 10, 20, 4, 20]
