[20, 20, 20, 0, 20, 20, 20, 10, 5, 7, 11, 1, 6, 9, 4, 3, 2, 8, 12, 20]
[20, 20, 20, 0, 8, 7, 20, 10, 5, 3, 20, 4, 9, 6, 1, 20, 11, 12, 2, 20]
[20, 20, 20, 2, 20, 20, 20, 10, 6, 7, 11, 0, 5, 9, 4, 3, 1, 8, 12, 20]
[20, 7, 20, 4, 20, 20, 20, 10, 9, 3, 20, 0, 5, 6, 1, 12, 8, 11, 2, 20]
[20, 20, 20, 2, 8, 7, 20, 10, 6, 3, 20, 4, 9, 5, 0, 20, 11, 12, 1, 20]
[20, 20, 20, 4, 20, 11, 20, 10, 9, 3, 20, 2, 6, 5, 0, 12, 7, 8, 1, 20]
[20, 0, 20, 20, 20, 20, 20, 5, 10, 7, 11, 1, 6, 9, 4, 3, 2, 8, 12, 20]
[20, 0, 20, 8, 20, 7, 20, 5, 10, 3, 20, 4, 9, 6, 1, 20, 11, 12, 2, 20]
[20, 2, 20, 20, 20, 20, 20, 6, 10, 7, 11, 0, 5, 9, 4, 3, 1, 8, 12, 20]
[20, 4, 20, 7, 20, 20, 20, 9, 10, 3, 20, 0, 5, 6, 1, 12, 8, 11, 2, 20]
[20, 2, 20, 8, 20, 7, 20, 6, 10, 3, 20, 4, 9, 5, 0, 20, 11, 12, 1, 20]
[20, 4, 20, 20, 20, 11, 20, 9, 10, 3, 20, 2, 6, 5, 0, 12, 7, 8, 1, 20]
[20, 0, 20, 1, 2, 20, 20, 5, 6, 11, 20, 7, 10, 9, 3, 12, 8, 20, 4, 20]
[20, 0, 20, 4, 11, 20, 20, 5, 9, 3, 20, 7, 10, 6, 1, 12, 8, 20, 2, 20]
[20, 2, 20, 0, 1, 20, 20, 6, 5, 11, 20, 7, 10, 9, 3, 12, 8, 20, 4, 20]
[20, 4, 20, 0, 11, 20, 20, 9, 5, 3, 20, 7, 10, 6, 1, 12, 8, 20, 2, 20]
[20, 2, 20, 4, 11, 20, 20, 6, 9, 3, 20, 7, 10, 5, 0, 12, 8, 20, 1, 20]
[20, 4, 20, 2, 11, 20, 20, 9, 6, 3, 20, 7, 10, 5, 0, 12, 8, 20, 1, 20]
[20, 0, 20, 1, 2, 20, 20, 5, 6, 8, 20, 4, 9, 10, 3, 20, 11, 12, 7, 20]
[20, 0, 20, 4, 20, 20, 20, 5, 9, 12, 20, 1, 6, 10, 7, 3, 2, 11, 8, 20]
[20, 2, 20, 0, 1, 20, 20, 6, 5, 8, 20, 4, 9, 10, 3, 20, 11, 12, 7, 20]
[20, 4, 20, 0, 20, 20, 20, 9, 5, 12, 20, 1, 6, 10, 7, 3, 2, 11, 8, 20]
[20, 2, 20, 4, 20, 20, 20, 6, 9, 12, 11, 0, 5, 10, 7, 3, 1, 20, 8, 20]
[20, 4, 20, 2, 20, 20, 20, 9, 6, 12, 11, 0, 5, 10, 7, 3, 1, 20, 8, 20]
