[1, 0, 3, 9, 20, 4, 10, 11, 2, 20, 5, 6, 7, 8, 20, 20, 20, 20, 20, 20]
[1, 0, 11, 2, 20, 4, 10, 3, 8, 20, 5, 6, 7, 9, 20, 20, 20, 20, 20, 20]
[1, 4, 5, 20, 20, 0, 10, 6, 7, 20, 3, 11, 2, 9, 20, 20, 8, 20, 20, 20]
[1, 4, 5, 2, 20, 0, 10, 6, 20, 20, 11, 3, 7, 20, 20, 8, 9, 20, 20, 20]
[1, 0, 3, 20, 20, 2, 11, 10, 4, 20, 8, 9, 5, 6, 7, 20, 20, 20, 20, 20]
[1, 0, 11, 2, 20, 9, 3, 10, 4, 8, 20, 20, 5, 6, 7, 20, 20, 20, 20, 20]
[20, 4, 5, 9, 20, 20, 6, 10, 3, 7, 20, 8, 11, 0, 1, 20, 20, 20, 2, 20]
[20, 4, 5, 9, 20, 20, 6, 10, 3, 7, 20, 1, 0, 11, 2, 20, 20, 20, 8, 20]
[20, 4, 5, 8, 20, 20, 6, 10, 11, 7, 20, 9, 3, 0, 1, 20, 20, 20, 2, 20]
[20, 4, 5, 1, 20, 20, 6, 10, 0, 7, 20, 9, 3, 11, 2, 20, 20, 20, 8, 20]
[20, 4, 5, 8, 20, 20, 6, 10, 11, 20, 20, 1, 0, 3, 20, 7, 2, 9, 20, 20]
[20, 4, 5, 1, 20, 20, 6, 10, 0, 20, 20, 2, 11, 3, 7, 20, 8, 20, 9, 20]
[20, 20, 9, 3, 11, 20, 20, 4, 10, 0, 20, 7, 5, 2, 1, 20, 8, 20, 6, 20]
[20, 9, 20, 4, 5, 20, 20, 3, 10, 6, 20, 7, 11, 0, 1, 20, 8, 20, 2, 20]
[20, 9, 20, 4, 5, 20, 20, 3, 10, 6, 20, 1, 0, 11, 2, 20, 8, 20, 7, 20]
[20, 8, 20, 4, 5, 20, 20, 11, 10, 6, 20, 7, 3, 0, 1, 20, 9, 20, 2, 20]
[20, 1, 20, 4, 5, 20, 20, 0, 10, 6, 20, 8, 3, 11, 2, 20, 9, 20, 7, 20]
[20, 8, 20, 4, 5, 20, 20, 11, 10, 6, 20, 1, 0, 3, 20, 7, 2, 9, 20, 20]
[20, 1, 20, 4, 5, 20, 20, 0, 10, 6, 20, 2, 11, 3, 7, 20, 8, 20, 9, 20]
[1, 20, 20, 4, 20, 0, 3, 8, 9, 20, 10, 11, 2, 20, 20, 5, 6, 7, 20, 20]
[1, 2, 8, 4, 20, 0, 11, 20, 20, 20, 10, 3, 7, 20, 20, 5, 6, 9, 20, 20]
[1, 9, 20, 2, 20, 0, 3, 8, 20, 20, 11, 10, 4, 20, 20, 7, 5, 6, 20, 20]
[1, 2, 8, 9, 20, 0, 11, 20, 20, 20, 3, 10, 4, 20, 20, 7, 5, 6, 20, 20]
[20, 20, 20, 9, 20, 4, 5, 6, 7, 20, 2, 10, 3, 8, 20, 1, 11, 0, 20, 20]
[20, 9, 20, 20, 20, 4, 5, 2, 7, 20, 6, 10, 11, 8, 20, 1, 3, 0, 20, 20]
[20, 9, 20, 8, 20, 20, 20, 3, 11, 20, 20, 4, 10, 0, 1, 7, 5, 6, 2, 20]
[20, 20, 20, 1, 20, 20, 20, 3, 0, 9, 20, 4, 10, 11, 2, 7, 5, 6, 8, 20]
[20, 8, 20, 9, 20, 20, 20, 11, 3, 20, 20, 4, 10, 0, 1, 7, 5, 6, 2, 20]
[20, 1, 20, 20, 20, 20, 20, 0, 3, 9, 20, 4, 10, 11, 2, 7, 5, 6, 8, 20]
[20, 20, 20, 20, 20, 9, 20, 4, 5, 8, 2, 3, 10, 6, 7, 1, 11, 0, 20, 20]
[20, 8, 20, 1, 2, 20, 20, 11, 0, 20, 20, 4, 10, 3, 9, 7, 5, 6, 20, 20]
[20, 1, 20, 2, 8, 20, 20, 0, 11, 20, 20, 4, 10, 3, 9, 7, 5, 6, 20, 20]
[9, 20, 20, 20, 20, 2, 8, 4, 5, 20, 7, 11, 10, 6, 20, 1, 3, 0, 20, 20]
[20, 9, 20, 8, 20, 20, 20, 3, 11, 20, 20, 1, 0, 10, 4, 6, 2, 7, 5, 20]
[20, 20, 20, 1, 20, 9, 20, 3, 0, 6, 20, 2, 11, 10, 4, 20, 7, 8, 5, 20]
[20, 8, 20, 9, 20, 20, 20, 11, 3, 20, 20, 1, 0, 10, 4, 6, 2, 7, 5, 20]
[20, 1, 20, 20, 20, 9, 20, 0, 3, 6, 20, 2, 11, 10, 4, 20, 7, 8, 5, 20]
[20, 8, 20, 1, 2, 20, 20, 11, 0, 6, 20, 7, 3, 10, 4, 20, 9, 20, 5, 20]
[20, 1, 20, 2, 8, 20, 20, 0, 11, 6, 20, 7, 3, 10, 4, 20, 9, 20, 5, 20]
[20, 9, 20, 20, 20, 20, 20, 2, 4, 1, 20, 6, 5, 10, 3, 8, 7, 20, 0, 11]
[20, 9, 20, 20, 20, 20, 20, 2, 4, 1, 20, 6, 5, 10, 11, 8, 7, 20, 0, 3]
