[20, 6, 20, 0, 5, 12, 20, 9, 13, 3, 20, 4, 11, 10, 1, 20, 7, 8, 2, 20]
[20, 8, 7, 0, 20, 5, 6, 9, 13, 3, 20, 1, 10, 11, 2, 20, 12, 20, 4, 20]
[20, 4, 7, 0, 12, 20, 20, 11, 13, 3, 20, 5, 9, 10, 1, 8, 6, 20, 2, 20]
[20, 20, 7, 0, 12, 20, 20, 10, 13, 3, 20, 1, 9, 11, 2, 8, 5, 6, 4, 20]
[20, 8, 20, 0, 20, 5, 6, 11, 13, 3, 7, 2, 10, 9, 1, 20, 12, 20, 4, 20]
[20, 20, 20, 0, 20, 5, 6, 10, 13, 3, 12, 2, 11, 9, 1, 20, 7, 8, 4, 20]
[20, 20, 12, 4, 20, 7, 20, 9, 11, 3, 20, 0, 13, 10, 1, 8, 5, 6, 2, 20]
[20, 20, 20, 12, 8, 7, 20, 9, 10, 5, 20, 0, 13, 11, 2, 3, 1, 4, 6, 20]
[12, 4, 20, 20, 20, 7, 20, 11, 9, 3, 20, 0, 13, 10, 1, 8, 5, 6, 2, 20]
[20, 12, 20, 20, 8, 7, 20, 10, 9, 5, 20, 0, 13, 11, 2, 3, 1, 4, 6, 20]
[20, 20, 20, 2, 12, 7, 20, 11, 10, 3, 20, 0, 13, 9, 1, 8, 5, 6, 4, 20]
[20, 12, 20, 2, 20, 7, 20, 10, 11, 3, 20, 0, 13, 9, 1, 8, 5, 6, 4, 20]
[20, 20, 20, 20, 20, 5, 6, 9, 11, 3, 12, 2, 10, 13, 0, 7, 4, 8, 1, 20]
[20, 20, 20, 20, 20, 5, 6, 9, 10, 3, 12, 2, 11, 13, 0, 7, 4, 8, 1, 20]
[20, 20, 20, 20, 20, 5, 6, 11, 9, 3, 12, 2, 10, 13, 0, 7, 4, 8, 1, 20]
[20, 20, 20, 20, 20, 5, 6, 10, 9, 3, 12, 2, 11, 13, 0, 7, 4, 8, 1, 20]
[20, 7, 12, 2, 4, 20, 20, 11, 10, 3, 20, 5, 9, 13, 0, 8, 6, 20, 1, 20]
[20, 12, 7, 2, 4, 20, 20, 10, 11, 3, 20, 5, 9, 13, 0, 8, 6, 20, 1, 20]
