[20, 20, 2, 0, 20, 20, 20, 6, 7, 5, 20, 20, 3, 4, 1, 20, 20, 20, 8, 20]
[20, 20, 2, 0, 20, 20, 20, 6, 7, 5, 20, 20, 4, 3, 1, 20, 20, 20, 8, 20]
[20, 20, 20, 20, 20, 2, 20, 6, 3, 5, 20, 0, 7, 4, 1, 20, 20, 20, 8, 20]
[20, 20, 20, 20, 20, 2, 20, 6, 4, 5, 20, 0, 7, 3, 1, 20, 20, 20, 8, 20]
[20, 20, 20, 8, 20, 20, 20, 6, 3, 2, 20, 5, 4, 7, 0, 20, 20, 20, 1, 20]
[20, 20, 20, 20, 20, 20, 20, 6, 4, 2, 20, 5, 3, 7, 0, 20, 8, 20, 1, 20]
[20, 20, 2, 0, 20, 20, 20, 7, 6, 5, 20, 20, 3, 4, 1, 20, 20, 20, 8, 20]
[20, 20, 2, 0, 20, 20, 20, 7, 6, 5, 20, 20, 4, 3, 1, 20, 20, 20, 8, 20]
[20, 20, 20, 20, 20, 2, 20, 3, 6, 5, 20, 0, 7, 4, 1, 20, 20, 20, 8, 20]
[20, 20, 20, 20, 20, 2, 20, 4, 6, 5, 20, 0, 7, 3, 1, 20, 20, 20, 8, 20]
[20, 20, 20, 8, 20, 20, 20, 3, 6, 2, 20, 5, 4, 7, 0, 20, 20, 20, 1, 20]
[20, 20, 20, 20, 20, 20, 20, 4, 6, 2, 20, 5, 3, 7, 0, 20, 8, 20, 1, 20]
[20, 20, 20, 20, 20, 2, 20, 7, 3, 5, 20, 0, 6, 4, 1, 20, 20, 20, 8, 20]
[20, 20, 20, 20, 20, 2, 20, 7, 4, 5, 20, 0, 6, 3, 1, 20, 20, 20, 8, 20]
[20, 20, 20, 20, 20, 2, 20, 3, 7, 5, 20, 0, 6, 4, 1, 20, 20, 20, 8, 20]
[20, 20, 20, 20, 20, 2, 20, 4, 7, 5, 20, 0, 6, 3, 1, 20, 20, 20, 8, 20]
[20, 20, 20, 5, 20, 20, 20, 3, 4, 2, 20, 8, 6, 7, 0, 20, 20, 20, 1, 20]
[20, 20, 20, 5, 20, 20, 20, 4, 3, 2, 20, 8, 6, 7, 0, 20, 20, 20, 1, 20]
[20, 20, 20, 8, 20, 20, 20, 7, 3, 2, 20, 5, 4, 6, 0, 20, 20, 20, 1, 20]
[20, 20, 20, 20, 20, 20, 20, 7, 4, 2, 20, 5, 3, 6, 0, 20, 8, 20, 1, 20]
[20, 8, 20, 20, 20, 20, 20, 3, 7, 2, 20, 5, 4, 6, 0, 20, 20, 20, 1, 20]
[20, 20, 20, 20, 20, 20, 20, 4, 7, 2, 20, 5, 3, 6, 0, 20, 8, 20, 1, 20]
[20, 8, 20, 5, 20, 20, 20, 3, 4, 2, 20, 20, 7, 6, 0, 20, 20, 20, 1, 20]
[20, 20, 20, 5, 8, 20, 20, 4, 3, 2, 20, 20, 7, 6, 0, 20, 20, 20, 1, 20]
