[20, 20, 20, 20, 2, 20, 20, 8, 9, 1, 7, 4, 10, 11, 0, 6, 5, 20, 3, 20]
[20, 20, 20, 20, 20, 20, 20, 8, 9, 2, 5, 0, 11, 10, 1, 4, 3, 7, 6, 20]
[20, 20, 20, 20, 2, 5, 20, 8, 10, 1, 20, 4, 9, 11, 0, 7, 6, 20, 3, 20]
[20, 20, 20, 20, 20, 20, 20, 8, 11, 2, 5, 0, 9, 10, 1, 4, 3, 7, 6, 20]
[20, 20, 20, 6, 2, 5, 20, 8, 10, 1, 20, 4, 11, 9, 0, 20, 7, 20, 3, 20]
[20, 20, 20, 20, 2, 20, 20, 8, 11, 1, 7, 4, 10, 9, 0, 6, 5, 20, 3, 20]
[20, 20, 20, 20, 2, 20, 20, 9, 8, 1, 7, 4, 10, 11, 0, 6, 5, 20, 3, 20]
[20, 20, 20, 20, 20, 20, 20, 9, 8, 2, 5, 0, 11, 10, 1, 4, 3, 7, 6, 20]
[20, 20, 20, 20, 2, 5, 20, 10, 8, 1, 20, 4, 9, 11, 0, 7, 6, 20, 3, 20]
[20, 20, 20, 20, 20, 20, 20, 11, 8, 2, 5, 0, 9, 10, 1, 4, 3, 7, 6, 20]
[20, 6, 20, 20, 2, 5, 20, 10, 8, 1, 20, 4, 11, 9, 0, 20, 7, 20, 3, 20]
[20, 20, 20, 20, 2, 20, 20, 11, 8, 1, 7, 4, 10, 9, 0, 6, 5, 20, 3, 20]
[20, 7, 20, 6, 2, 5, 20, 9, 10, 1, 20, 4, 8, 11, 0, 20, 20, 20, 3, 20]
[20, 20, 20, 20, 20, 20, 20, 9, 11, 2, 5, 0, 8, 10, 1, 4, 3, 7, 6, 20]
[20, 7, 20, 6, 2, 5, 20, 10, 9, 1, 20, 4, 8, 11, 0, 20, 20, 20, 3, 20]
[20, 20, 20, 20, 20, 20, 20, 11, 9, 2, 5, 0, 8, 10, 1, 4, 3, 7, 6, 20]
[20, 6, 20, 7, 2, 5, 20, 10, 11, 1, 20, 4, 8, 9, 0, 20, 20, 20, 3, 20]
[20, 7, 20, 6, 2, 5, 20, 11, 10, 1, 20, 4, 8, 9, 0, 20, 20, 20, 3, 20]
[20, 20, 20, 6, 2, 5, 20, 9, 10, 1, 20, 4, 11, 8, 0, 20, 7, 20, 3, 20]
[20, 20, 20, 20, 2, 20, 20, 9, 11, 1, 7, 4, 10, 8, 0, 6, 5, 20, 3, 20]
[20, 20, 20, 6, 2, 5, 20, 10, 9, 1, 20, 4, 11, 8, 0, 20, 7, 20, 3, 20]
[20, 20, 20, 20, 2, 20, 20, 11, 9, 1, 7, 4, 10, 8, 0, 6, 5, 20, 3, 20]
[20, 20, 20, 20, 2, 5, 20, 10, 11, 1, 20, 4, 9, 8, 0, 7, 6, 20, 3, 20]
[20, 20, 20, 20, 2, 5, 20, 11, 10, 1, 20, 4, 9, 8, 0, 7, 6, 20, 3, 20]
