[20, 1, 20, 20, 20, 7, 10, 0, 2, 8, 11, 4, 3, 5, 6, 20, 12, 20, 9, 20]
[20, 1, 20, 20, 8, 20, 20, 0, 2, 6, 20, 9, 5, 3, 4, 11, 10, 12, 7, 20]
[20, 1, 20, 20, 20, 11, 20, 0, 3, 12, 10, 4, 2, 5, 6, 8, 7, 9, 20, 20]
[20, 1, 10, 9, 8, 20, 20, 0, 5, 6, 20, 11, 2, 3, 4, 20, 12, 20, 7, 20]
[20, 1, 20, 20, 8, 20, 20, 0, 3, 6, 20, 9, 5, 2, 4, 11, 10, 12, 7, 20]
[20, 1, 11, 20, 9, 10, 20, 0, 5, 6, 20, 8, 3, 2, 4, 20, 12, 20, 7, 20]
[20, 20, 20, 1, 20, 7, 10, 2, 0, 8, 11, 4, 3, 5, 6, 20, 12, 20, 9, 20]
[20, 20, 20, 1, 8, 20, 20, 2, 0, 6, 20, 9, 5, 3, 4, 11, 10, 12, 7, 20]
[20, 20, 20, 1, 20, 11, 20, 3, 0, 12, 10, 4, 2, 5, 6, 8, 7, 9, 20, 20]
[20, 9, 10, 1, 8, 20, 20, 5, 0, 6, 20, 11, 2, 3, 4, 20, 12, 20, 7, 20]
[20, 20, 20, 1, 8, 20, 20, 3, 0, 6, 20, 9, 5, 2, 4, 11, 10, 12, 7, 20]
[11, 20, 20, 1, 9, 10, 20, 5, 0, 6, 20, 8, 3, 2, 4, 20, 12, 20, 7, 20]
[20, 20, 20, 4, 20, 11, 20, 2, 3, 12, 10, 1, 0, 5, 6, 8, 7, 9, 20, 20]
[20, 20, 10, 9, 8, 20, 20, 2, 5, 6, 20, 1, 0, 3, 4, 20, 11, 12, 7, 20]
[20, 20, 20, 4, 20, 11, 20, 3, 2, 12, 10, 1, 0, 5, 6, 8, 7, 9, 20, 20]
[20, 9, 10, 20, 8, 20, 20, 5, 2, 6, 20, 1, 0, 3, 4, 20, 11, 12, 7, 20]
[20, 20, 10, 9, 8, 20, 20, 3, 5, 6, 20, 1, 0, 2, 4, 20, 11, 12, 7, 20]
[20, 9, 10, 20, 8, 20, 20, 5, 3, 6, 20, 1, 0, 2, 4, 20, 11, 12, 7, 20]
[20, 20, 20, 4, 8, 20, 20, 2, 3, 6, 20, 9, 5, 0, 1, 11, 10, 12, 7, 20]
[20, 20, 20, 20, 20, 9, 20, 2, 5, 6, 11, 4, 3, 0, 1, 10, 8, 12, 7, 20]
[20, 20, 20, 4, 8, 20, 20, 3, 2, 6, 20, 9, 5, 0, 1, 11, 10, 12, 7, 20]
[20, 20, 20, 20, 20, 9, 20, 5, 2, 6, 11, 4, 3, 0, 1, 10, 8, 12, 7, 20]
[20, 20, 20, 20, 20, 8, 9, 3, 5, 6, 10, 4, 2, 0, 1, 20, 11, 12, 7, 20]
[20, 20, 20, 20, 20, 8, 9, 5, 3, 6, 10, 4, 2, 0, 1, 20, 11, 12, 7, 20]
