[20, 1, 2, 20, 20, 3, 0, 4, 20, 20, 5, 20, 20, 20, 20, 20, 20, 20, 20, 20]
[20, 1, 2, 20, 20, 3, 0, 4, 20, 20, 5, 20, 20, 20, 20, 20, 20, 20, 20, 20]
[20, 1, 2, 20, 20, 3, 0, 4, 20, 20, 20, 5, 20, 20, 20, 20, 20, 20, 20, 20]
[20, 1, 2, 20, 20, 3, 0, 4, 20, 20, 20, 5, 20, 20, 20, 20, 20, 20, 20, 20]
[20, 1, 2, 20, 20, 3, 0, 5, 20, 20, 4, 20, 20, 20, 20, 20, 20, 20, 20, 20]
[20, 1, 2, 20, 20, 3, 0, 5, 20, 20, 4, 20, 20, 20, 20, 20, 20, 20, 20, 20]
[20, 1, 2, 20, 20, 3, 0, 20, 20, 20, 4, 5, 20, 20, 20, 20, 20, 20, 20, 20]
[20, 1, 2, 20, 20, 3, 0, 20, 20, 20, 4, 5, 20, 20, 20, 20, 20, 20, 20, 20]
[20, 1, 2, 20, 20, 3, 0, 5, 20, 20, 20, 4, 20, 20, 20, 20, 20, 20, 20, 20]
[20, 1, 2, 20, 20, 3, 0, 5, 20, 20, 20, 4, 20, 20, 20, 20, 20, 20, 20, 20]
[20, 1, 2, 20, 20, 3, 0, 20, 20, 20, 5, 4, 20, 20, 20, 20, 20, 20, 20, 20]
[20, 1, 2, 20, 20, 3, 0, 20, 20, 20, 5, 4, 20, 20, 20, 20, 20, 20, 20, 20]
[20, 1, 2, 20, 20, 4, 0, 3, 20, 20, 5, 20, 20, 20, 20, 20, 20, 20, 20, 20]
[20, 1, 2, 20, 20, 4, 0, 3, 20, 20, 5, 20, 20, 20, 20, 20, 20, 20, 20, 20]
[20, 1, 2, 20, 20, 4, 0, 3, 20, 20, 20, 5, 20, 20, 20, 20, 20, 20, 20, 20]
[20, 1, 2, 20, 20, 4, 0, 3, 20, 20, 20, 5, 20, 20, 20, 20, 20, 20, 20, 20]
[20, 1, 2, 20, 20, 5, 0, 3, 20, 20, 4, 20, 20, 20, 20, 20, 20, 20, 20, 20]
[20, 1, 2, 20, 20, 5, 0, 3, 20, 20, 4, 20, 20, 20, 20, 20, 20, 20, 20, 20]
[20, 1, 2, 20, 20, 20, 0, 3, 20, 20, 4, 5, 20, 20, 20, 20, 20, 20, 20, 20]
[20, 1, 2, 20, 20, 20, 0, 3, 20, 20, 4, 5, 20, 20, 20, 20, 20, 20, 20, 20]
[20, 1, 2, 20, 20, 5, 0, 3, 20, 20, 20, 4, 20, 20, 20, 20, 20, 20, 20, 20]
[20, 1, 2, 20, 20, 5, 0, 3, 20, 20, 20, 4, 20, 20, 20, 20, 20, 20, 20, 20]
[20, 1, 2, 20, 20, 20, 0, 3, 20, 20, 5, 4, 20, 20, 20, 20, 20, 20, 20, 20]
[20, 1, 2, 20, 20, 20, 0, 3, 20, 20, 5, 4, 20, 20, 20, 20, 20, 20, 20, 20]
[20, 1, 2, 20, 20, 4, 0, 5, 20, 20, 3, 20, 20, 20, 20, 20, 20, 20, 20, 20]
[20, 1, 2, 20, 20, 4, 0, 5, 20, 20, 3, 20, 20, 20, 20, 20, 20, 20, 20, 20]
[20, 1, 2, 20, 20, 4, 0, 20, 20, 20, 3, 5, 20, 20, 20, 20, 20, 20, 20, 20]
[20, 1, 2, 20, 20, 4, 0, 20, 20, 20, 3, 5, 20, 20, 20, 20, 20, 20, 20, 20]
[20, 1, 2, 20, 20, 5, 0, 4, 20, 20, 3, 20, 20, 20, 20, 20, 20, 20, 20, 20]
[20, 1, 2, 20, 20, 5, 0, 4, 20, 20, 3, 20, 20, 20, 20, 20, 20, 20, 20, 20]
[20, 1, 2, 20, 20, 20, 0, 4, 20, 20, 3, 5, 20, 20, 20, 20, 20, 20, 20, 20]
[20, 1, 2, 20, 20, 20, 0, 4, 20, 20, 3, 5, 20, 20, 20, 20, 20, 20, 20, 20]
[20, 1, 2, 20, 20, 5, 0, 20, 20, 20, 3, 4, 20, 20, 20, 20, 20, 20, 20, 20]
[20, 1, 2, 20, 20, 5, 0, 20, 20, 20, 3, 4, 20, 20, 20, 20, 20, 20, 20, 20]
[20, 1, 2, 20, 20, 20, 0, 5, 20, 20, 3, 4, 20, 20, 20, 20, 20, 20, 20, 20]
[20, 1, 2, 20, 20, 20, 0, 5, 20, 20, 3, 4, 20, 20, 20, 20, 20, 20, 20, 20]
[20, 1, 2, 20, 20, 4, 0, 5, 20, 20, 20, 3, 20, 20, 20, 20, 20, 20, 20, 20]
[20, 1, 2, 20, 20, 4, 0, 5, 20, 20, 20, 3, 20, 20, 20, 20, 20, 20, 20, 20]
[20, 1, 2, 20, 20, 4, 0, 20, 20, 20, 5, 3, 20, 20, 20, 20, 20, 20, 20, 20]
[20, 1, 2, 20, 20, 4, 0, 20, 20, 20, 5, 3, 20, 20, 20, 20, 20, 20, 20, 20]
[20, 1, 2, 20, 20, 5, 0, 4, 20, 20, 20, 3, 20, 20, 20, 20, 20, 20, 20, 20]
[20, 1, 2, 20, 20, 5, 0, 4, 20, 20, 20, 3, 20, 20, 20, 20, 20, 20, 20, 20]
[20, 1, 2, 20, 20, 20, 0, 4, 20, 20, 5, 3, 20, 20, 20, 20, 20, 20, 20, 20]
[20, 1, 2, 20, 20, 20, 0, 4, 20, 20, 5, 3, 20, 20, 20, 20, 20, 20, 20, 20]
[20, 1, 2, 20, 20, 5, 0, 20, 20, 20, 4, 3, 20, 20, 20, 20, 20, 20, 20, 20]
[20, 1, 2, 20, 20, 5, 0, 20, 20, 20, 4, 3, 20, 20, 20, 20, 20, 20, 20, 20]
[20, 1, 2, 20, 20, 20, 0, 5, 20, 20, 4, 3, 20, 20, 20, 20, 20, 20, 20, 20]
[20, 1, 2, 20, 20, 20, 0, 5, 20, 20, 4, 3, 20, 20, 20, 20, 20, 20, 20, 20]
[20, 1, 3, 20, 20, 2, 0, 4, 20, 20, 5, 20, 20, 20, 20, 20, 20, 20, 20, 20]
[20, 1, 3, 20, 20, 2, 0, 4, 20, 20, 5, 20, 20, 20, 20, 20, 20, 20, 20, 20]
[20, 1, 3, 20, 20, 2, 0, 4, 20, 20, 20, 5, 20, 20, 20, 20, 20, 20, 20, 20]
[20, 1, 3, 20, 20, 2, 0, 4, 20, 20, 20, 5, 20, 20, 20, 20, 20, 20, 20, 20]
[20, 1, 3, 20, 20, 2, 0, 5, 20, 20, 4, 20, 20, 20, 20, 20, 20, 20, 20, 20]
[20, 1, 3, 20, 20, 2, 0, 5, 20, 20, 4, 20, 20, 20, 20, 20, 20, 20, 20, 20]
[20, 1, 3, 20, 20, 2, 0, 20, 20, 20, 4, 5, 20, 20, 20, 20, 20, 20, 20, 20]
[20, 1, 3, 20, 20, 2, 0, 20, 20, 20, 4, 5, 20, 20, 20, 20, 20, 20, 20, 20]
[20, 1, 3, 20, 20, 2, 0, 5, 20, 20, 20, 4, 20, 20, 20, 20, 20, 20, 20, 20]
[20, 1, 3, 20, 20, 2, 0, 5, 20, 20, 20, 4, 20, 20, 20, 20, 20, 20, 20, 20]
[20, 1, 3, 20, 20, 2, 0, 20, 20, 20, 5, 4, 20, 20, 20, 20, 20, 20, 20, 20]
[20, 1, 3, 20, 20, 2, 0, 20, 20, 20, 5, 4, 20, 20, 20, 20, 20, 20, 20, 20]
[20, 1, 4, 20, 20, 2, 0, 3, 20, 20, 5, 20, 20, 20, 20, 20, 20, 20, 20, 20]
[20, 1, 4, 20, 20, 2, 0, 3, 20, 20, 5, 20, 20, 20, 20, 20, 20, 20, 20, 20]
[20, 1, 4, 20, 20, 2, 0, 3, 20, 20, 20, 5, 20, 20, 20, 20, 20, 20, 20, 20]
[20, 1, 4, 20, 20, 2, 0, 3, 20, 20, 20, 5, 20, 20, 20, 20, 20, 20, 20, 20]
[20, 1, 5, 20, 20, 2, 0, 3, 20, 20, 4, 20, 20, 20, 20, 20, 20, 20, 20, 20]
[20, 1, 5, 20, 20, 2, 0, 3, 20, 20, 4, 20, 20, 20, 20, 20, 20, 20, 20, 20]
[20, 1, 20, 20, 20, 2, 0, 3, 20, 20, 4, 5, 20, 20, 20, 20, 20, 20, 20, 20]
[20, 1, 20, 20, 20, 2, 0, 3, 20, 20, 4, 5, 20, 20, 20, 20, 20, 20, 20, 20]
[20, 1, 5, 20, 20, 2, 0, 3, 20, 20, 20, 4, 20, 20, 20, 20, 20, 20, 20, 20]
[20, 1, 5, 20, 20, 2, 0, 3, 20, 20, 20, 4, 20, 20, 20, 20, 20, 20, 20, 20]
[20, 1, 20, 20, 20, 2, 0, 3, 20, 20, 5, 4, 20, 20, 20, 20, 20, 20, 20, 20]
[20, 1, 20, 20, 20, 2, 0, 3, 20, 20, 5, 4, 20, 20, 20, 20, 20, 20, 20, 20]
[20, 1, 4, 20, 20, 2, 0, 5, 20, 20, 3, 20, 20, 20, 20, 20, 20, 20, 20, 20]
[20, 1, 4, 20, 20, 2, 0, 5, 20, 20, 3, 20, 20, 20, 20, 20, 20, 20, 20, 20]
[20, 1, 4, 20, 20, 2, 0, 20, 20, 20, 3, 5, 20, 20, 20, 20, 20, 20, 20, 20]
[20, 1, 4, 20, 20, 2, 0, 20, 20, 20, 3, 5, 20, 20, 20, 20, 20, 20, 20, 20]
[20, 1, 5, 20, 20, 2, 0, 4, 20, 20, 3, 20, 20, 20, 20, 20, 20, 20, 20, 20]
[20, 1, 5, 20, 20, 2, 0, 4, 20, 20, 3, 20, 20, 20, 20, 20, 20, 20, 20, 20]
[20, 1, 20, 20, 20, 2, 0, 4, 20, 20, 3, 5, 20, 20, 20, 20, 20, 20, 20, 20]
[20, 1, 20, 20, 20, 2, 0, 4, 20, 20, 3, 5, 20, 20, 20, 20, 20, 20, 20, 20]
[20, 1, 5, 20, 20, 2, 0, 20, 20, 20, 3, 4, 20, 20, 20, 20, 20, 20, 20, 20]
[20, 1, 5, 20, 20, 2, 0, 20, 20, 20, 3, 4, 20, 20, 20, 20, 20, 20, 20, 20]
[20, 1, 20, 20, 20, 2, 0, 5, 20, 20, 3, 4, 20, 20, 20, 20, 20, 20, 20, 20]
[20, 1, 20, 20, 20, 2, 0, 5, 20, 20, 3, 4, 20, 20, 20, 20, 20, 20, 20, 20]
[20, 1, 4, 20, 20, 2, 0, 5, 20, 20, 20, 3, 20, 20, 20, 20, 20, 20, 20, 20]
[20, 1, 4, 20, 20, 2, 0, 5, 20, 20, 20, 3, 20, 20, 20, 20, 20, 20, 20, 20]
[20, 1, 4, 20, 20, 2, 0, 20, 20, 20, 5, 3, 20, 20, 20, 20, 20, 20, 20, 20]
[20, 1, 4, 20, 20, 2, 0, 20, 20, 20, 5, 3, 20, 20, 20, 20, 20, 20, 20, 20]
[20, 1, 5, 20, 20, 2, 0, 4, 20, 20, 20, 3, 20, 20, 20, 20, 20, 20, 20, 20]
[20, 1, 5, 20, 20, 2, 0, 4, 20, 20, 20, 3, 20, 20, 20, 20, 20, 20, 20, 20]
[20, 1, 20, 20, 20, 2, 0, 4, 20, 20, 5, 3, 20, 20, 20, 20, 20, 20, 20, 20]
[20, 1, 20, 20, 20, 2, 0, 4, 20, 20, 5, 3, 20, 20, 20, 20, 20, 20, 20, 20]
[20, 1, 5, 20, 20, 2, 0, 20, 20, 20, 4, 3, 20, 20, 20, 20, 20, 20, 20, 20]
[20, 1, 5, 20, 20, 2, 0, 20, 20, 20, 4, 3, 20, 20, 20, 20, 20, 20, 20, 20]
[20, 1, 20, 20, 20, 2, 0, 5, 20, 20, 4, 3, 20, 20, 20, 20, 20, 20, 20, 20]
[20, 1, 20, 20, 20, 2, 0, 5, 20, 20, 4, 3, 20, 20, 20, 20, 20, 20, 20, 20]
[20, 1, 3, 20, 20, 4, 0, 2, 20, 20, 5, 20, 20, 20, 20, 20, 20, 20, 20, 20]
[20, 1, 3, 20, 20, 4, 0, 2, 20, 20, 5, 20, 20, 20, 20, 20, 20, 20, 20, 20]
[20, 1, 3, 20, 20, 4, 0, 2, 20, 20, 20, 5, 20, 20, 20, 20, 20, 20, 20, 20]
[20, 1, 3, 20, 20, 4, 0, 2, 20, 20, 20, 5, 20, 20, 20, 20, 20, 20, 20, 20]
[20, 1, 3, 20, 20, 5, 0, 2, 20, 20, 4, 20, 20, 20, 20, 20, 20, 20, 20, 20]
[20, 1, 3, 20, 20, 5, 0, 2, 20, 20, 4, 20, 20, 20, 20, 20, 20, 20, 20, 20]
[20, 1, 3, 20, 20, 20, 0, 2, 20, 20, 4, 5, 20, 20, 20, 20, 20, 20, 20, 20]
[20, 1, 3, 20, 20, 20, 0, 2, 20, 20, 4, 5, 20, 20, 20, 20, 20, 20, 20, 20]
[20, 1, 3, 20, 20, 5, 0, 2, 20, 20, 20, 4, 20, 20, 20, 20, 20, 20, 20, 20]
[20, 1, 3, 20, 20, 5, 0, 2, 20, 20, 20, 4, 20, 20, 20, 20, 20, 20, 20, 20]
[20, 1, 3, 20, 20, 20, 0, 2, 20, 20, 5, 4, 20, 20, 20, 20, 20, 20, 20, 20]
[20, 1, 3, 20, 20, 20, 0, 2, 20, 20, 5, 4, 20, 20, 20, 20, 20, 20, 20, 20]
[20, 1, 4, 20, 20, 3, 0, 2, 20, 20, 5, 20, 20, 20, 20, 20, 20, 20, 20, 20]
[20, 1, 4, 20, 20, 3, 0, 2, 20, 20, 5, 20, 20, 20, 20, 20, 20, 20, 20, 20]
[20, 1, 4, 20, 20, 3, 0, 2, 20, 20, 20, 5, 20, 20, 20, 20, 20, 20, 20, 20]
[20, 1, 4, 20, 20, 3, 0, 2, 20, 20, 20, 5, 20, 20, 20, 20, 20, 20, 20, 20]
[20, 1, 5, 20, 20, 3, 0, 2, 20, 20, 4, 20, 20, 20, 20, 20, 20, 20, 20, 20]
[20, 1, 5, 20, 20, 3, 0, 2, 20, 20, 4, 20, 20, 20, 20, 20, 20, 20, 20, 20]
[20, 1, 20, 20, 20, 3, 0, 2, 20, 20, 4, 5, 20, 20, 20, 20, 20, 20, 20, 20]
[20, 1, 20, 20, 20, 3, 0, 2, 20, 20, 4, 5, 20, 20, 20, 20, 20, 20, 20, 20]
[20, 1, 5, 20, 20, 3, 0, 2, 20, 20, 20, 4, 20, 20, 20, 20, 20, 20, 20, 20]
[20, 1, 5, 20, 20, 3, 0, 2, 20, 20, 20, 4, 20, 20, 20, 20, 20, 20, 20, 20]
[20, 1, 20, 20, 20, 3, 0, 2, 20, 20, 5, 4, 20, 20, 20, 20, 20, 20, 20, 20]
[20, 1, 20, 20, 20, 3, 0, 2, 20, 20, 5, 4, 20, 20, 20, 20, 20, 20, 20, 20]
[20, 1, 4, 20, 20, 5, 0, 2, 20, 20, 3, 20, 20, 20, 20, 20, 20, 20, 20, 20]
[20, 1, 4, 20, 20, 5, 0, 2, 20, 20, 3, 20, 20, 20, 20, 20, 20, 20, 20, 20]
[20, 1, 4, 20, 20, 20, 0, 2, 20, 20, 3, 5, 20, 20, 20, 20, 20, 20, 20, 20]
[20, 1, 4, 20, 20, 20, 0, 2, 20, 20, 3, 5, 20, 20, 20, 20, 20, 20, 20, 20]
[20, 1, 5, 20, 20, 4, 0, 2, 20, 20, 3, 20, 20, 20, 20, 20, 20, 20, 20, 20]
[20, 1, 5, 20, 20, 4, 0, 2, 20, 20, 3, 20, 20, 20, 20, 20, 20, 20, 20, 20]
[20, 1, 20, 20, 20, 4, 0, 2, 20, 20, 3, 5, 20, 20, 20, 20, 20, 20, 20, 20]
[20, 1, 20, 20, 20, 4, 0, 2, 20, 20, 3, 5, 20, 20, 20, 20, 20, 20, 20, 20]
[20, 1, 5, 20, 20, 20, 0, 2, 20, 20, 3, 4, 20, 20, 20, 20, 20, 20, 20, 20]
[20, 1, 5, 20, 20, 20, 0, 2, 20, 20, 3, 4, 20, 20, 20, 20, 20, 20, 20, 20]
[20, 1, 20, 20, 20, 5, 0, 2, 20, 20, 3, 4, 20, 20, 20, 20, 20, 20, 20, 20]
[20, 1, 20, 20, 20, 5, 0, 2, 20, 20, 3, 4, 20, 20, 20, 20, 20, 20, 20, 20]
[20, 1, 4, 20, 20, 5, 0, 2, 20, 20, 20, 3, 20, 20, 20, 20, 20, 20, 20, 20]
[20, 1, 4, 20, 20, 5, 0, 2, 20, 20, 20, 3, 20, 20, 20, 20, 20, 20, 20, 20]
[20, 1, 4, 20, 20, 20, 0, 2, 20, 20, 5, 3, 20, 20, 20, 20, 20, 20, 20, 20]
[20, 1, 4, 20, 20, 20, 0, 2, 20, 20, 5, 3, 20, 20, 20, 20, 20, 20, 20, 20]
[20, 1, 5, 20, 20, 4, 0, 2, 20, 20, 20, 3, 20, 20, 20, 20, 20, 20, 20, 20]
[20, 1, 5, 20, 20, 4, 0, 2, 20, 20, 20, 3, 20, 20, 20, 20, 20, 20, 20, 20]
[20, 1, 20, 20, 20, 4, 0, 2, 20, 20, 5, 3, 20, 20, 20, 20, 20, 20, 20, 20]
[20, 1, 20, 20, 20, 4, 0, 2, 20, 20, 5, 3, 20, 20, 20, 20, 20, 20, 20, 20]
[20, 1, 5, 20, 20, 20, 0, 2, 20, 20, 4, 3, 20, 20, 20, 20, 20, 20, 20, 20]
[20, 1, 5, 20, 20, 20, 0, 2, 20, 20, 4, 3, 20, 20, 20, 20, 20, 20, 20, 20]
[20, 1, 20, 20, 20, 5, 0, 2, 20, 20, 4, 3, 20, 20, 20, 20, 20, 20, 20, 20]
[20, 1, 20, 20, 20, 5, 0, 2, 20, 20, 4, 3, 20, 20, 20, 20, 20, 20, 20, 20]
[20, 1, 3, 20, 20, 4, 0, 5, 20, 20, 2, 20, 20, 20, 20, 20, 20, 20, 20, 20]
[20, 1, 3, 20, 20, 4, 0, 5, 20, 20, 2, 20, 20, 20, 20, 20, 20, 20, 20, 20]
[20, 1, 3, 20, 20, 4, 0, 20, 20, 20, 2, 5, 20, 20, 20, 20, 20, 20, 20, 20]
[20, 1, 3, 20, 20, 4, 0, 20, 20, 20, 2, 5, 20, 20, 20, 20, 20, 20, 20, 20]
[20, 1, 3, 20, 20, 5, 0, 4, 20, 20, 2, 20, 20, 20, 20, 20, 20, 20, 20, 20]
[20, 1, 3, 20, 20, 5, 0, 4, 20, 20, 2, 20, 20, 20, 20, 20, 20, 20, 20, 20]
[20, 1, 3, 20, 20, 20, 0, 4, 20, 20, 2, 5, 20, 20, 20, 20, 20, 20, 20, 20]
[20, 1, 3, 20, 20, 20, 0, 4, 20, 20, 2, 5, 20, 20, 20, 20, 20, 20, 20, 20]
[20, 1, 3, 20, 20, 5, 0, 20, 20, 20, 2, 4, 20, 20, 20, 20, 20, 20, 20, 20]
[20, 1, 3, 20, 20, 5, 0, 20, 20, 20, 2, 4, 20, 20, 20, 20, 20, 20, 20, 20]
[20, 1, 3, 20, 20, 20, 0, 5, 20, 20, 2, 4, 20, 20, 20, 20, 20, 20, 20, 20]
[20, 1, 3, 20, 20, 20, 0, 5, 20, 20, 2, 4, 20, 20, 20, 20, 20, 20, 20, 20]
[20, 1, 4, 20, 20, 3, 0, 5, 20, 20, 2, 20, 20, 20, 20, 20, 20, 20, 20, 20]
[20, 1, 4, 20, 20, 3, 0, 5, 20, 20, 2, 20, 20, 20, 20, 20, 20, 20, 20, 20]
[20, 1, 4, 20, 20, 3, 0, 20, 20, 20, 2, 5, 20, 20, 20, 20, 20, 20, 20, 20]
[20, 1, 4, 20, 20, 3, 0, 20, 20, 20, 2, 5, 20, 20, 20, 20, 20, 20, 20, 20]
[20, 1, 5, 20, 20, 3, 0, 4, 20, 20, 2, 20, 20, 20, 20, 20, 20, 20, 20, 20]
[20, 1, 5, 20, 20, 3, 0, 4, 20, 20, 2, 20, 20, 20, 20, 20, 20, 20, 20, 20]
[20, 1, 20, 20, 20, 3, 0, 4, 20, 20, 2, 5, 20, 20, 20, 20, 20, 20, 20, 20]
[20, 1, 20, 20, 20, 3, 0, 4, 20, 20, 2, 5, 20, 20, 20, 20, 20, 20, 20, 20]
[20, 1, 5, 20, 20, 3, 0, 20, 20, 20, 2, 4, 20, 20, 20, 20, 20, 20, 20, 20]
[20, 1, 5, 20, 20, 3, 0, 20, 20, 20, 2, 4, 20, 20, 20, 20, 20, 20, 20, 20]
[20, 1, 20, 20, 20, 3, 0, 5, 20, 20, 2, 4, 20, 20, 20, 20, 20, 20, 20, 20]
[20, 1, 20, 20, 20, 3, 0, 5, 20, 20, 2, 4, 20, 20, 20, 20, 20, 20, 20, 20]
[20, 1, 4, 20, 20, 5, 0, 3, 20, 20, 2, 20, 20, 20, 20, 20, 20, 20, 20, 20]
[20, 1, 4, 20, 20, 5, 0, 3, 20, 20, 2, 20, 20, 20, 20, 20, 20, 20, 20, 20]
[20, 1, 4, 20, 20, 20, 0, 3, 20, 20, 2, 5, 20, 20, 20, 20, 20, 20, 20, 20]
[20, 1, 4, 20, 20, 20, 0, 3, 20, 20, 2, 5, 20, 20, 20, 20, 20, 20, 20, 20]
[20, 1, 5, 20, 20, 4, 0, 3, 20, 20, 2, 20, 20, 20, 20, 20, 20, 20, 20, 20]
[20, 1, 5, 20, 20, 4, 0, 3, 20, 20, 2, 20, 20, 20, 20, 20, 20, 20, 20, 20]
[20, 1, 20, 20, 20, 4, 0, 3, 20, 20, 2, 5, 20, 20, 20, 20, 20, 20, 20, 20]
[20, 1, 20, 20, 20, 4, 0, 3, 20, 20, 2, 5, 20, 20, 20, 20, 20, 20, 20, 20]
[20, 1, 5, 20, 20, 20, 0, 3, 20, 20, 2, 4, 20, 20, 20, 20, 20, 20, 20, 20]
[20, 1, 5, 20, 20, 20, 0, 3, 20, 20, 2, 4, 20, 20, 20, 20, 20, 20, 20, 20]
[20, 1, 20, 20, 20, 5, 0, 3, 20, 20, 2, 4, 20, 20, 20, 20, 20, 20, 20, 20]
[20, 1, 20, 20, 20, 5, 0, 3, 20, 20, 2, 4, 20, 20, 20, 20, 20, 20, 20, 20]
[20, 1, 4, 20, 20, 5, 0, 20, 20, 20, 2, 3, 20, 20, 20, 20, 20, 20, 20, 20]
[20, 1, 4, 20, 20, 5, 0, 20, 20, 20, 2, 3, 20, 20, 20, 20, 20, 20, 20, 20]
[20, 1, 4, 20, 20, 20, 0, 5, 20, 20, 2, 3, 20, 20, 20, 20, 20, 20, 20, 20]
[20, 1, 4, 20, 20, 20, 0, 5, 20, 20, 2, 3, 20, 20, 20, 20, 20, 20, 20, 20]
[20, 1, 5, 20, 20, 4, 0, 20, 20, 20, 2, 3, 20, 20, 20, 20, 20, 20, 20, 20]
[20, 1, 5, 20, 20, 4, 0, 20, 20, 20, 2, 3, 20, 20, 20, 20, 20, 20, 20, 20]
[20, 1, 20, 20, 20, 4, 0, 5, 20, 20, 2, 3, 20, 20, 20, 20, 20, 20, 20, 20]
[20, 1, 20, 20, 20, 4, 0, 5, 20, 20, 2, 3, 20, 20, 20, 20, 20, 20, 20, 20]
[20, 1, 5, 20, 20, 20, 0, 4, 20, 20, 2, 3, 20, 20, 20, 20, 20, 20, 20, 20]
[20, 1, 5, 20, 20, 20, 0, 4, 20, 20, 2, 3, 20, 20, 20, 20, 20, 20, 20, 20]
[20, 1, 20, 20, 20, 5, 0, 4, 20, 20, 2, 3, 20, 20, 20, 20, 20, 20, 20, 20]
[20, 1, 20, 20, 20, 5, 0, 4, 20, 20, 2, 3, 20, 20, 20, 20, 20, 20, 20, 20]
[20, 1, 3, 20, 20, 4, 0, 5, 20, 20, 20, 2, 20, 20, 20, 20, 20, 20, 20, 20]
[20, 1, 3, 20, 20, 4, 0, 5, 20, 20, 20, 2, 20, 20, 20, 20, 20, 20, 20, 20]
[20, 1, 3, 20, 20, 4, 0, 20, 20, 20, 5, 2, 20, 20, 20, 20, 20, 20, 20, 20]
[20, 1, 3, 20, 20, 4, 0, 20, 20, 20, 5, 2, 20, 20, 20, 20, 20, 20, 20, 20]
[20, 1, 3, 20, 20, 5, 0, 4, 20, 20, 20, 2, 20, 20, 20, 20, 20, 20, 20, 20]
[20, 1, 3, 20, 20, 5, 0, 4, 20, 20, 20, 2, 20, 20, 20, 20, 20, 20, 20, 20]
[20, 1, 3, 20, 20, 20, 0, 4, 20, 20, 5, 2, 20, 20, 20, 20, 20, 20, 20, 20]
[20, 1, 3, 20, 20, 20, 0, 4, 20, 20, 5, 2, 20, 20, 20, 20, 20, 20, 20, 20]
