[1, 2, 3, 4, 5, 0, 20, 20, 20, 20, 20, 20, 20, 20, 20, 20, 20, 20, 20, 20]
[1, 2, 3, 4, 5, 0, 20, 20, 20, 20, 20, 20, 20, 20, 20, 20, 20, 20, 20, 20]
[1, 2, 3, 4, 20, 0, 20, 20, 5, 20, 20, 20, 20, 20, 20, 20, 20, 20, 20, 20]
[1, 2, 3, 4, 20, 0, 20, 20, 5, 20, 20, 20, 20, 20, 20, 20, 20, 20, 20, 20]
[1, 2, 3, 4, 20, 0, 20, 20, 20, 20, 5, 20, 20, 20, 20, 20, 20, 20, 20, 20]
[1, 2, 3, 4, 20, 0, 20, 20, 20, 20, 5, 20, 20, 20, 20, 20, 20, 20, 20, 20]
[1, 2, 3, 20, 20, 0, 4, 5, 20, 20, 20, 20, 20, 20, 20, 20, 20, 20, 20, 20]
[1, 2, 3, 20, 20, 0, 4, 5, 20, 20, 20, 20, 20, 20, 20, 20, 20, 20, 20, 20]
[1, 2, 3, 20, 20, 0, 4, 20, 20, 20, 5, 20, 20, 20, 20, 20, 20, 20, 20, 20]
[1, 2, 3, 20, 20, 0, 4, 20, 20, 20, 5, 20, 20, 20, 20, 20, 20, 20, 20, 20]
[1, 2, 3, 20, 20, 0, 4, 20, 20, 20, 20, 5, 20, 20, 20, 20, 20, 20, 20, 20]
[1, 2, 3, 20, 20, 0, 4, 20, 20, 20, 20, 5, 20, 20, 20, 20, 20, 20, 20, 20]
[1, 2, 3, 20, 20, 0, 5, 4, 20, 20, 20, 20, 20, 20, 20, 20, 20, 20, 20, 20]
[1, 2, 3, 20, 20, 0, 5, 4, 20, 20, 20, 20, 20, 20, 20, 20, 20, 20, 20, 20]
[1, 2, 3, 20, 20, 0, 20, 4, 5, 20, 20, 20, 20, 20, 20, 20, 20, 20, 20, 20]
[1, 2, 3, 20, 20, 0, 20, 4, 5, 20, 20, 20, 20, 20, 20, 20, 20, 20, 20, 20]
[1, 2, 3, 20, 20, 0, 20, 4, 20, 20, 20, 20, 5, 20, 20, 20, 20, 20, 20, 20]
[1, 2, 3, 20, 20, 0, 20, 4, 20, 20, 20, 20, 5, 20, 20, 20, 20, 20, 20, 20]
[1, 2, 3, 20, 20, 0, 20, 4, 20, 20, 20, 20, 20, 5, 20, 20, 20, 20, 20, 20]
[1, 2, 3, 20, 20, 0, 20, 4, 20, 20, 20, 20, 20, 5, 20, 20, 20, 20, 20, 20]
[1, 2, 4, 5, 20, 0, 3, 20, 20, 20, 20, 20, 20, 20, 20, 20, 20, 20, 20, 20]
[1, 2, 4, 5, 20, 0, 3, 20, 20, 20, 20, 20, 20, 20, 20, 20, 20, 20, 20, 20]
[1, 2, 4, 20, 20, 0, 3, 5, 20, 20, 20, 20, 20, 20, 20, 20, 20, 20, 20, 20]
[1, 2, 4, 20, 20, 0, 3, 5, 20, 20, 20, 20, 20, 20, 20, 20, 20, 20, 20, 20]
[1, 2, 5, 20, 20, 0, 3, 4, 20, 20, 20, 20, 20, 20, 20, 20, 20, 20, 20, 20]
[1, 2, 5, 20, 20, 0, 3, 4, 20, 20, 20, 20, 20, 20, 20, 20, 20, 20, 20, 20]
[1, 2, 20, 20, 20, 0, 3, 4, 5, 20, 20, 20, 20, 20, 20, 20, 20, 20, 20, 20]
[1, 2, 20, 20, 20, 0, 3, 4, 5, 20, 20, 20, 20, 20, 20, 20, 20, 20, 20, 20]
[1, 2, 20, 20, 20, 0, 3, 4, 20, 20, 20, 20, 5, 20, 20, 20, 20, 20, 20, 20]
[1, 2, 20, 20, 20, 0, 3, 4, 20, 20, 20, 20, 5, 20, 20, 20, 20, 20, 20, 20]
[1, 2, 20, 20, 20, 0, 3, 4, 20, 20, 20, 20, 20, 5, 20, 20, 20, 20, 20, 20]
[1, 2, 20, 20, 20, 0, 3, 4, 20, 20, 20, 20, 20, 5, 20, 20, 20, 20, 20, 20]
[1, 2, 20, 5, 20, 0, 3, 20, 20, 20, 4, 20, 20, 20, 20, 20, 20, 20, 20, 20]
[1, 2, 20, 5, 20, 0, 3, 20, 20, 20, 4, 20, 20, 20, 20, 20, 20, 20, 20, 20]
[1, 2, 20, 20, 20, 0, 3, 20, 20, 20, 4, 5, 20, 20, 20, 20, 20, 20, 20, 20]
[1, 2, 20, 20, 20, 0, 3, 20, 20, 20, 4, 5, 20, 20, 20, 20, 20, 20, 20, 20]
[1, 2, 20, 20, 20, 0, 3, 20, 20, 20, 4, 20, 20, 20, 20, 5, 20, 20, 20, 20]
[1, 2, 20, 20, 20, 0, 3, 20, 20, 20, 4, 20, 20, 20, 20, 5, 20, 20, 20, 20]
[1, 2, 20, 20, 20, 0, 3, 20, 20, 20, 5, 4, 20, 20, 20, 20, 20, 20, 20, 20]
[1, 2, 20, 20, 20, 0, 3, 20, 20, 20, 5, 4, 20, 20, 20, 20, 20, 20, 20, 20]
[1, 2, 20, 20, 20, 0, 3, 20, 20, 20, 20, 4, 5, 20, 20, 20, 20, 20, 20, 20]
[1, 2, 20, 20, 20, 0, 3, 20, 20, 20, 20, 4, 5, 20, 20, 20, 20, 20, 20, 20]
[1, 2, 20, 20, 20, 0, 3, 20, 20, 20, 20, 4, 20, 20, 20, 20, 5, 20, 20, 20]
[1, 2, 20, 20, 20, 0, 3, 20, 20, 20, 20, 4, 20, 20, 20, 20, 5, 20, 20, 20]
[1, 2, 20, 20, 20, 0, 3, 20, 20, 20, 20, 4, 20, 20, 20, 20, 20, 5, 20, 20]
[1, 2, 20, 20, 20, 0, 3, 20, 20, 20, 20, 4, 20, 20, 20, 20, 20, 5, 20, 20]
[1, 2, 4, 5, 20, 0, 20, 3, 20, 20, 20, 20, 20, 20, 20, 20, 20, 20, 20, 20]
[1, 2, 4, 5, 20, 0, 20, 3, 20, 20, 20, 20, 20, 20, 20, 20, 20, 20, 20, 20]
[1, 2, 4, 20, 20, 0, 5, 3, 20, 20, 20, 20, 20, 20, 20, 20, 20, 20, 20, 20]
[1, 2, 4, 20, 20, 0, 5, 3, 20, 20, 20, 20, 20, 20, 20, 20, 20, 20, 20, 20]
[1, 2, 5, 20, 20, 0, 4, 3, 20, 20, 20, 20, 20, 20, 20, 20, 20, 20, 20, 20]
[1, 2, 5, 20, 20, 0, 4, 3, 20, 20, 20, 20, 20, 20, 20, 20, 20, 20, 20, 20]
[1, 2, 20, 20, 20, 0, 4, 3, 20, 20, 5, 20, 20, 20, 20, 20, 20, 20, 20, 20]
[1, 2, 20, 20, 20, 0, 4, 3, 20, 20, 5, 20, 20, 20, 20, 20, 20, 20, 20, 20]
[1, 2, 20, 20, 20, 0, 4, 3, 20, 20, 20, 5, 20, 20, 20, 20, 20, 20, 20, 20]
[1, 2, 20, 20, 20, 0, 4, 3, 20, 20, 20, 5, 20, 20, 20, 20, 20, 20, 20, 20]
[1, 2, 20, 5, 20, 0, 20, 3, 4, 20, 20, 20, 20, 20, 20, 20, 20, 20, 20, 20]
[1, 2, 20, 5, 20, 0, 20, 3, 4, 20, 20, 20, 20, 20, 20, 20, 20, 20, 20, 20]
[1, 2, 20, 20, 5, 0, 20, 3, 4, 20, 20, 20, 20, 20, 20, 20, 20, 20, 20, 20]
[1, 2, 20, 20, 5, 0, 20, 3, 4, 20, 20, 20, 20, 20, 20, 20, 20, 20, 20, 20]
[1, 2, 20, 20, 20, 0, 20, 3, 4, 5, 20, 20, 20, 20, 20, 20, 20, 20, 20, 20]
[1, 2, 20, 20, 20, 0, 20, 3, 4, 5, 20, 20, 20, 20, 20, 20, 20, 20, 20, 20]
[1, 2, 20, 20, 20, 0, 20, 3, 4, 20, 20, 20, 5, 20, 20, 20, 20, 20, 20, 20]
[1, 2, 20, 20, 20, 0, 20, 3, 4, 20, 20, 20, 5, 20, 20, 20, 20, 20, 20, 20]
[1, 2, 20, 20, 20, 0, 20, 3, 4, 20, 20, 20, 20, 5, 20, 20, 20, 20, 20, 20]
[1, 2, 20, 20, 20, 0, 20, 3, 4, 20, 20, 20, 20, 5, 20, 20, 20, 20, 20, 20]
[1, 2, 20, 20, 20, 0, 20, 3, 5, 20, 20, 20, 4, 20, 20, 20, 20, 20, 20, 20]
[1, 2, 20, 20, 20, 0, 20, 3, 5, 20, 20, 20, 4, 20, 20, 20, 20, 20, 20, 20]
[1, 2, 20, 20, 20, 0, 20, 3, 20, 20, 20, 5, 4, 20, 20, 20, 20, 20, 20, 20]
[1, 2, 20, 20, 20, 0, 20, 3, 20, 20, 20, 5, 4, 20, 20, 20, 20, 20, 20, 20]
[1, 2, 20, 20, 20, 0, 20, 3, 20, 20, 20, 20, 4, 5, 20, 20, 20, 20, 20, 20]
[1, 2, 20, 20, 20, 0, 20, 3, 20, 20, 20, 20, 4, 5, 20, 20, 20, 20, 20, 20]
[1, 2, 20, 20, 20, 0, 20, 3, 20, 20, 20, 20, 4, 20, 20, 20, 5, 20, 20, 20]
[1, 2, 20, 20, 20, 0, 20, 3, 20, 20, 20, 20, 4, 20, 20, 20, 5, 20, 20, 20]
[1, 2, 20, 20, 20, 0, 20, 3, 20, 20, 20, 20, 4, 20, 20, 20, 20, 5, 20, 20]
[1, 2, 20, 20, 20, 0, 20, 3, 20, 20, 20, 20, 4, 20, 20, 20, 20, 5, 20, 20]
[1, 2, 20, 20, 20, 0, 20, 3, 5, 20, 20, 20, 20, 4, 20, 20, 20, 20, 20, 20]
[1, 2, 20, 20, 20, 0, 20, 3, 5, 20, 20, 20, 20, 4, 20, 20, 20, 20, 20, 20]
[1, 2, 20, 20, 20, 0, 20, 3, 20, 20, 20, 20, 5, 4, 20, 20, 20, 20, 20, 20]
[1, 2, 20, 20, 20, 0, 20, 3, 20, 20, 20, 20, 5, 4, 20, 20, 20, 20, 20, 20]
[1, 2, 20, 20, 20, 0, 20, 3, 20, 20, 20, 20, 20, 4, 5, 20, 20, 20, 20, 20]
[1, 2, 20, 20, 20, 0, 20, 3, 20, 20, 20, 20, 20, 4, 5, 20, 20, 20, 20, 20]
[1, 2, 20, 20, 20, 0, 20, 3, 20, 20, 20, 20, 20, 4, 20, 20, 20, 20, 5, 20]
[1, 2, 20, 20, 20, 0, 20, 3, 20, 20, 20, 20, 20, 4, 20, 20, 20, 20, 5, 20]
[1, 2, 20, 20, 20, 0, 20, 3, 20, 20, 20, 20, 20, 4, 20, 20, 20, 20, 20, 5]
[1, 2, 20, 20, 20, 0, 20, 3, 20, 20, 20, 20, 20, 4, 20, 20, 20, 20, 20, 5]
[1, 0, 4, 5, 20, 2, 3, 20, 20, 20, 20, 20, 20, 20, 20, 20, 20, 20, 20, 20]
[1, 0, 4, 5, 20, 2, 3, 20, 20, 20, 20, 20, 20, 20, 20, 20, 20, 20, 20, 20]
[1, 0, 4, 20, 20, 2, 3, 5, 20, 20, 20, 20, 20, 20, 20, 20, 20, 20, 20, 20]
[1, 0, 4, 20, 20, 2, 3, 5, 20, 20, 20, 20, 20, 20, 20, 20, 20, 20, 20, 20]
[1, 0, 5, 20, 20, 2, 3, 4, 20, 20, 20, 20, 20, 20, 20, 20, 20, 20, 20, 20]
[1, 0, 5, 20, 20, 2, 3, 4, 20, 20, 20, 20, 20, 20, 20, 20, 20, 20, 20, 20]
[1, 0, 20, 20, 20, 2, 3, 4, 5, 20, 20, 20, 20, 20, 20, 20, 20, 20, 20, 20]
[1, 0, 20, 20, 20, 2, 3, 4, 5, 20, 20, 20, 20, 20, 20, 20, 20, 20, 20, 20]
[1, 0, 20, 20, 20, 2, 3, 4, 20, 20, 20, 20, 5, 20, 20, 20, 20, 20, 20, 20]
[1, 0, 20, 20, 20, 2, 3, 4, 20, 20, 20, 20, 5, 20, 20, 20, 20, 20, 20, 20]
[1, 0, 20, 20, 20, 2, 3, 4, 20, 20, 20, 20, 20, 5, 20, 20, 20, 20, 20, 20]
[1, 0, 20, 20, 20, 2, 3, 4, 20, 20, 20, 20, 20, 5, 20, 20, 20, 20, 20, 20]
[1, 0, 20, 5, 20, 2, 3, 20, 20, 20, 4, 20, 20, 20, 20, 20, 20, 20, 20, 20]
[1, 0, 20, 5, 20, 2, 3, 20, 20, 20, 4, 20, 20, 20, 20, 20, 20, 20, 20, 20]
[1, 0, 20, 20, 20, 2, 3, 20, 20, 20, 4, 5, 20, 20, 20, 20, 20, 20, 20, 20]
[1, 0, 20, 20, 20, 2, 3, 20, 20, 20, 4, 5, 20, 20, 20, 20, 20, 20, 20, 20]
[1, 0, 20, 20, 20, 2, 3, 20, 20, 20, 4, 20, 20, 20, 20, 5, 20, 20, 20, 20]
[1, 0, 20, 20, 20, 2, 3, 20, 20, 20, 4, 20, 20, 20, 20, 5, 20, 20, 20, 20]
[1, 0, 20, 20, 20, 2, 3, 20, 20, 20, 5, 4, 20, 20, 20, 20, 20, 20, 20, 20]
[1, 0, 20, 20, 20, 2, 3, 20, 20, 20, 5, 4, 20, 20, 20, 20, 20, 20, 20, 20]
[1, 0, 20, 20, 20, 2, 3, 20, 20, 20, 20, 4, 5, 20, 20, 20, 20, 20, 20, 20]
[1, 0, 20, 20, 20, 2, 3, 20, 20, 20, 20, 4, 5, 20, 20, 20, 20, 20, 20, 20]
[1, 0, 20, 20, 20, 2, 3, 20, 20, 20, 20, 4, 20, 20, 20, 20, 5, 20, 20, 20]
[1, 0, 20, 20, 20, 2, 3, 20, 20, 20, 20, 4, 20, 20, 20, 20, 5, 20, 20, 20]
[1, 0, 20, 20, 20, 2, 3, 20, 20, 20, 20, 4, 20, 20, 20, 20, 20, 5, 20, 20]
[1, 0, 20, 20, 20, 2, 3, 20, 20, 20, 20, 4, 20, 20, 20, 20, 20, 5, 20, 20]
[1, 0, 5, 4, 20, 2, 20, 20, 20, 20, 3, 20, 20, 20, 20, 20, 20, 20, 20, 20]
[1, 0, 5, 4, 20, 2, 20, 20, 20, 20, 3, 20, 20, 20, 20, 20, 20, 20, 20, 20]
[1, 0, 20, 4, 5, 2, 20, 20, 20, 20, 3, 20, 20, 20, 20, 20, 20, 20, 20, 20]
[1, 0, 20, 4, 5, 2, 20, 20, 20, 20, 3, 20, 20, 20, 20, 20, 20, 20, 20, 20]
[1, 0, 20, 4, 20, 2, 20, 20, 5, 20, 3, 20, 20, 20, 20, 20, 20, 20, 20, 20]
[1, 0, 20, 4, 20, 2, 20, 20, 5, 20, 3, 20, 20, 20, 20, 20, 20, 20, 20, 20]
[1, 0, 5, 20, 20, 2, 4, 20, 20, 20, 3, 20, 20, 20, 20, 20, 20, 20, 20, 20]
[1, 0, 5, 20, 20, 2, 4, 20, 20, 20, 3, 20, 20, 20, 20, 20, 20, 20, 20, 20]
[1, 0, 20, 20, 20, 2, 4, 5, 20, 20, 3, 20, 20, 20, 20, 20, 20, 20, 20, 20]
[1, 0, 20, 20, 20, 2, 4, 5, 20, 20, 3, 20, 20, 20, 20, 20, 20, 20, 20, 20]
[1, 0, 20, 20, 20, 2, 4, 20, 20, 20, 3, 5, 20, 20, 20, 20, 20, 20, 20, 20]
[1, 0, 20, 20, 20, 2, 4, 20, 20, 20, 3, 5, 20, 20, 20, 20, 20, 20, 20, 20]
[1, 0, 20, 20, 20, 2, 5, 20, 20, 20, 3, 4, 20, 20, 20, 20, 20, 20, 20, 20]
[1, 0, 20, 20, 20, 2, 5, 20, 20, 20, 3, 4, 20, 20, 20, 20, 20, 20, 20, 20]
[1, 0, 20, 20, 20, 2, 20, 20, 20, 20, 3, 4, 5, 20, 20, 20, 20, 20, 20, 20]
[1, 0, 20, 20, 20, 2, 20, 20, 20, 20, 3, 4, 5, 20, 20, 20, 20, 20, 20, 20]
[1, 0, 20, 20, 20, 2, 20, 20, 20, 20, 3, 4, 20, 20, 20, 20, 5, 20, 20, 20]
[1, 0, 20, 20, 20, 2, 20, 20, 20, 20, 3, 4, 20, 20, 20, 20, 5, 20, 20, 20]
[1, 0, 20, 20, 20, 2, 20, 20, 20, 20, 3, 4, 20, 20, 20, 20, 20, 5, 20, 20]
[1, 0, 20, 20, 20, 2, 20, 20, 20, 20, 3, 4, 20, 20, 20, 20, 20, 5, 20, 20]
[1, 0, 20, 20, 20, 2, 20, 20, 20, 20, 3, 20, 20, 20, 20, 4, 5, 20, 20, 20]
[1, 0, 20, 20, 20, 2, 20, 20, 20, 20, 3, 20, 20, 20, 20, 4, 5, 20, 20, 20]
[1, 0, 5, 20, 20, 2, 4, 20, 20, 20, 20, 3, 20, 20, 20, 20, 20, 20, 20, 20]
[1, 0, 5, 20, 20, 2, 4, 20, 20, 20, 20, 3, 20, 20, 20, 20, 20, 20, 20, 20]
[1, 0, 20, 20, 20, 2, 4, 5, 20, 20, 20, 3, 20, 20, 20, 20, 20, 20, 20, 20]
[1, 0, 20, 20, 20, 2, 4, 5, 20, 20, 20, 3, 20, 20, 20, 20, 20, 20, 20, 20]
[1, 0, 20, 20, 20, 2, 4, 20, 20, 20, 5, 3, 20, 20, 20, 20, 20, 20, 20, 20]
[1, 0, 20, 20, 20, 2, 4, 20, 20, 20, 5, 3, 20, 20, 20, 20, 20, 20, 20, 20]
[1, 0, 20, 5, 20, 2, 20, 20, 20, 20, 4, 3, 20, 20, 20, 20, 20, 20, 20, 20]
[1, 0, 20, 5, 20, 2, 20, 20, 20, 20, 4, 3, 20, 20, 20, 20, 20, 20, 20, 20]
[1, 0, 20, 20, 20, 2, 5, 20, 20, 20, 4, 3, 20, 20, 20, 20, 20, 20, 20, 20]
[1, 0, 20, 20, 20, 2, 5, 20, 20, 20, 4, 3, 20, 20, 20, 20, 20, 20, 20, 20]
[1, 0, 20, 20, 20, 2, 20, 20, 20, 20, 4, 3, 20, 20, 20, 5, 20, 20, 20, 20]
[1, 0, 20, 20, 20, 2, 20, 20, 20, 20, 4, 3, 20, 20, 20, 5, 20, 20, 20, 20]
[1, 0, 20, 20, 20, 2, 20, 5, 20, 20, 20, 3, 4, 20, 20, 20, 20, 20, 20, 20]
[1, 0, 20, 20, 20, 2, 20, 5, 20, 20, 20, 3, 4, 20, 20, 20, 20, 20, 20, 20]
[1, 0, 20, 20, 20, 2, 20, 20, 5, 20, 20, 3, 4, 20, 20, 20, 20, 20, 20, 20]
[1, 0, 20, 20, 20, 2, 20, 20, 5, 20, 20, 3, 4, 20, 20, 20, 20, 20, 20, 20]
[1, 0, 20, 20, 20, 2, 20, 20, 20, 20, 20, 3, 4, 5, 20, 20, 20, 20, 20, 20]
[1, 0, 20, 20, 20, 2, 20, 20, 20, 20, 20, 3, 4, 5, 20, 20, 20, 20, 20, 20]
[1, 0, 20, 20, 20, 2, 20, 20, 20, 20, 20, 3, 4, 20, 20, 20, 5, 20, 20, 20]
[1, 0, 20, 20, 20, 2, 20, 20, 20, 20, 20, 3, 4, 20, 20, 20, 5, 20, 20, 20]
[1, 0, 20, 20, 20, 2, 20, 20, 20, 20, 20, 3, 4, 20, 20, 20, 20, 5, 20, 20]
[1, 0, 20, 20, 20, 2, 20, 20, 20, 20, 20, 3, 4, 20, 20, 20, 20, 5, 20, 20]
[1, 0, 20, 20, 20, 2, 20, 20, 20, 20, 20, 3, 5, 20, 20, 20, 4, 20, 20, 20]
[1, 0, 20, 20, 20, 2, 20, 20, 20, 20, 20, 3, 5, 20, 20, 20, 4, 20, 20, 20]
[1, 0, 20, 20, 20, 2, 20, 20, 20, 20, 20, 3, 20, 20, 20, 5, 4, 20, 20, 20]
[1, 0, 20, 20, 20, 2, 20, 20, 20, 20, 20, 3, 20, 20, 20, 5, 4, 20, 20, 20]
[1, 0, 20, 20, 20, 2, 20, 20, 20, 20, 20, 3, 20, 20, 20, 20, 4, 5, 20, 20]
[1, 0, 20, 20, 20, 2, 20, 20, 20, 20, 20, 3, 20, 20, 20, 20, 4, 5, 20, 20]
[1, 0, 20, 20, 20, 2, 20, 20, 20, 20, 20, 3, 5, 20, 20, 20, 20, 4, 20, 20]
[1, 0, 20, 20, 20, 2, 20, 20, 20, 20, 20, 3, 5, 20, 20, 20, 20, 4, 20, 20]
[1, 0, 20, 20, 20, 2, 20, 20, 20, 20, 20, 3, 20, 20, 20, 20, 5, 4, 20, 20]
[1, 0, 20, 20, 20, 2, 20, 20, 20, 20, 20, 3, 20, 20, 20, 20, 5, 4, 20, 20]
[2, 1, 0, 20, 20, 3, 4, 5, 20, 20, 20, 20, 20, 20, 20, 20, 20, 20, 20, 20]
[2, 1, 0, 20, 20, 3, 4, 5, 20, 20, 20, 20, 20, 20, 20, 20, 20, 20, 20, 20]
[2, 1, 0, 20, 20, 3, 4, 20, 20, 20, 5, 20, 20, 20, 20, 20, 20, 20, 20, 20]
[2, 1, 0, 20, 20, 3, 4, 20, 20, 20, 5, 20, 20, 20, 20, 20, 20, 20, 20, 20]
[2, 1, 0, 20, 20, 3, 4, 20, 20, 20, 20, 5, 20, 20, 20, 20, 20, 20, 20, 20]
[2, 1, 0, 20, 20, 3, 4, 20, 20, 20, 20, 5, 20, 20, 20, 20, 20, 20, 20, 20]
[2, 1, 5, 20, 20, 3, 4, 0, 20, 20, 20, 20, 20, 20, 20, 20, 20, 20, 20, 20]
[2, 1, 5, 20, 20, 3, 4, 0, 20, 20, 20, 20, 20, 20, 20, 20, 20, 20, 20, 20]
[2, 1, 20, 20, 20, 3, 4, 0, 20, 20, 5, 20, 20, 20, 20, 20, 20, 20, 20, 20]
[2, 1, 20, 20, 20, 3, 4, 0, 20, 20, 5, 20, 20, 20, 20, 20, 20, 20, 20, 20]
[2, 1, 20, 20, 20, 3, 4, 0, 20, 20, 20, 5, 20, 20, 20, 20, 20, 20, 20, 20]
[2, 1, 20, 20, 20, 3, 4, 0, 20, 20, 20, 5, 20, 20, 20, 20, 20, 20, 20, 20]
[2, 1, 0, 5, 20, 3, 20, 20, 20, 20, 4, 20, 20, 20, 20, 20, 20, 20, 20, 20]
[2, 1, 0, 5, 20, 3, 20, 20, 20, 20, 4, 20, 20, 20, 20, 20, 20, 20, 20, 20]
[2, 1, 0, 20, 20, 3, 5, 20, 20, 20, 4, 20, 20, 20, 20, 20, 20, 20, 20, 20]
[2, 1, 0, 20, 20, 3, 5, 20, 20, 20, 4, 20, 20, 20, 20, 20, 20, 20, 20, 20]
[2, 1, 0, 20, 20, 3, 20, 20, 20, 20, 4, 5, 20, 20, 20, 20, 20, 20, 20, 20]
[2, 1, 0, 20, 20, 3, 20, 20, 20, 20, 4, 5, 20, 20, 20, 20, 20, 20, 20, 20]
[2, 1, 0, 20, 20, 3, 20, 20, 20, 20, 4, 20, 20, 20, 20, 5, 20, 20, 20, 20]
[2, 1, 0, 20, 20, 3, 20, 20, 20, 20, 4, 20, 20, 20, 20, 5, 20, 20, 20, 20]
[2, 1, 20, 5, 20, 3, 0, 20, 20, 20, 4, 20, 20, 20, 20, 20, 20, 20, 20, 20]
[2, 1, 20, 5, 20, 3, 0, 20, 20, 20, 4, 20, 20, 20, 20, 20, 20, 20, 20, 20]
[2, 1, 20, 20, 20, 3, 0, 20, 20, 20, 4, 5, 20, 20, 20, 20, 20, 20, 20, 20]
[2, 1, 20, 20, 20, 3, 0, 20, 20, 20, 4, 5, 20, 20, 20, 20, 20, 20, 20, 20]
[2, 1, 20, 20, 20, 3, 0, 20, 20, 20, 4, 20, 20, 20, 20, 5, 20, 20, 20, 20]
[2, 1, 20, 20, 20, 3, 0, 20, 20, 20, 4, 20, 20, 20, 20, 5, 20, 20, 20, 20]
[2, 1, 20, 5, 20, 3, 20, 0, 20, 20, 4, 20, 20, 20, 20, 20, 20, 20, 20, 20]
[2, 1, 20, 5, 20, 3, 20, 0, 20, 20, 4, 20, 20, 20, 20, 20, 20, 20, 20, 20]
[2, 1, 20, 20, 20, 3, 5, 0, 20, 20, 4, 20, 20, 20, 20, 20, 20, 20, 20, 20]
[2, 1, 20, 20, 20, 3, 5, 0, 20, 20, 4, 20, 20, 20, 20, 20, 20, 20, 20, 20]
[2, 1, 20, 20, 20, 3, 20, 0, 20, 20, 4, 5, 20, 20, 20, 20, 20, 20, 20, 20]
[2, 1, 20, 20, 20, 3, 20, 0, 20, 20, 4, 5, 20, 20, 20, 20, 20, 20, 20, 20]
[2, 1, 20, 20, 20, 3, 20, 0, 20, 20, 4, 20, 20, 20, 20, 5, 20, 20, 20, 20]
[2, 1, 20, 20, 20, 3, 20, 0, 20, 20, 4, 20, 20, 20, 20, 5, 20, 20, 20, 20]
