[20, 12, 20, 9, 10, 20, 20, 0, 1, 11, 20, 3, 2, 7, 4, 20, 6, 8, 5, 20]
[20, 11, 12, 8, 9, 20, 20, 0, 1, 10, 20, 5, 7, 2, 3, 20, 6, 20, 4, 20]
[20, 12, 20, 9, 10, 20, 20, 0, 2, 11, 20, 3, 1, 7, 4, 20, 6, 8, 5, 20]
[20, 9, 10, 20, 20, 20, 11, 0, 7, 20, 20, 5, 1, 2, 3, 12, 6, 8, 4, 20]
[20, 11, 12, 8, 9, 20, 20, 0, 2, 10, 20, 5, 7, 1, 3, 20, 6, 20, 4, 20]
[20, 9, 10, 20, 20, 20, 11, 0, 7, 20, 20, 5, 2, 1, 3, 12, 6, 8, 4, 20]
[20, 12, 20, 9, 10, 20, 20, 1, 0, 11, 20, 3, 2, 7, 4, 20, 6, 8, 5, 20]
[20, 11, 12, 8, 9, 20, 20, 1, 0, 10, 20, 5, 7, 2, 3, 20, 6, 20, 4, 20]
[20, 12, 20, 9, 10, 20, 20, 2, 0, 11, 20, 3, 1, 7, 4, 20, 6, 8, 5, 20]
[20, 20, 20, 9, 10, 20, 20, 7, 0, 11, 20, 5, 1, 2, 3, 12, 6, 8, 4, 20]
[20, 11, 12, 8, 9, 20, 20, 2, 0, 10, 20, 5, 7, 1, 3, 20, 6, 20, 4, 20]
[20, 20, 20, 9, 10, 20, 20, 7, 0, 11, 20, 5, 2, 1, 3, 12, 6, 8, 4, 20]
[20, 12, 20, 9, 10, 20, 20, 1, 2, 11, 20, 3, 0, 7, 4, 20, 6, 8, 5, 20]
[20, 9, 10, 20, 20, 20, 11, 1, 7, 20, 20, 5, 0, 2, 3, 12, 6, 8, 4, 20]
[20, 12, 20, 9, 10, 20, 20, 2, 1, 11, 20, 3, 0, 7, 4, 20, 6, 8, 5, 20]
[20, 20, 20, 9, 10, 20, 20, 7, 1, 11, 20, 5, 0, 2, 3, 12, 6, 8, 4, 20]
[20, 9, 10, 20, 20, 20, 11, 2, 7, 20, 20, 5, 0, 1, 3, 12, 6, 8, 4, 20]
[20, 20, 20, 9, 10, 20, 20, 7, 2, 11, 20, 5, 0, 1, 3, 12, 6, 8, 4, 20]
[20, 11, 12, 8, 9, 20, 20, 1, 2, 10, 20, 5, 7, 0, 3, 20, 6, 20, 4, 20]
[20, 9, 10, 20, 20, 20, 11, 1, 7, 20, 20, 5, 2, 0, 3, 12, 6, 8, 4, 20]
[20, 11, 12, 8, 9, 20, 20, 2, 1, 10, 20, 5, 7, 0, 3, 20, 6, 20, 4, 20]
[20, 20, 20, 9, 10, 20, 20, 7, 1, 11, 20, 5, 2, 0, 3, 12, 6, 8, 4, 20]
[20, 9, 10, 20, 20, 20, 11, 2, 7, 20, 20, 5, 1, 0, 3, 12, 6, 8, 4, 20]
[20, 20, 20, 9, 10, 20, 20, 7, 2, 11, 20, 5, 1, 0, 3, 12, 6, 8, 4, 20]
