[20, 0, 1, 6, 7, 5, 2, 3, 4, 20, 20, 20, 20, 20, 20, 20, 20, 20, 20, 20]
[20, 0, 1, 6, 7, 20, 3, 2, 4, 20, 20, 20, 5, 20, 20, 20, 20, 20, 20, 20]
[20, 0, 2, 6, 7, 5, 1, 3, 4, 20, 20, 20, 20, 20, 20, 20, 20, 20, 20, 20]
[20, 0, 3, 6, 7, 20, 1, 2, 4, 20, 20, 20, 5, 20, 20, 20, 20, 20, 20, 20]
[20, 0, 2, 6, 7, 20, 3, 1, 4, 20, 20, 20, 5, 20, 20, 20, 20, 20, 20, 20]
[20, 0, 3, 6, 7, 20, 2, 1, 4, 20, 20, 20, 5, 20, 20, 20, 20, 20, 20, 20]
[20, 1, 0, 6, 7, 5, 2, 3, 4, 20, 20, 20, 20, 20, 20, 20, 20, 20, 20, 20]
[20, 1, 0, 6, 7, 20, 3, 2, 4, 20, 20, 20, 5, 20, 20, 20, 20, 20, 20, 20]
[20, 2, 0, 6, 7, 5, 1, 3, 4, 20, 20, 20, 20, 20, 20, 20, 20, 20, 20, 20]
[20, 3, 0, 6, 7, 20, 1, 2, 4, 20, 20, 20, 5, 20, 20, 20, 20, 20, 20, 20]
[20, 2, 0, 6, 7, 20, 3, 1, 4, 20, 20, 20, 5, 20, 20, 20, 20, 20, 20, 20]
[20, 3, 0, 6, 7, 20, 2, 1, 4, 20, 20, 20, 5, 20, 20, 20, 20, 20, 20, 20]
[20, 20, 20, 5, 20, 0, 1, 6, 7, 20, 2, 3, 4, 20, 20, 20, 20, 20, 20, 20]
[20, 20, 20, 20, 20, 0, 1, 6, 7, 20, 3, 2, 4, 20, 20, 20, 5, 20, 20, 20]
[20, 20, 20, 5, 20, 0, 2, 6, 7, 20, 1, 3, 4, 20, 20, 20, 20, 20, 20, 20]
[20, 20, 20, 20, 20, 0, 3, 6, 7, 20, 1, 2, 4, 20, 20, 20, 5, 20, 20, 20]
[20, 20, 20, 20, 20, 0, 2, 6, 7, 20, 3, 1, 4, 20, 20, 20, 5, 20, 20, 20]
[20, 20, 20, 20, 20, 0, 3, 6, 7, 20, 2, 1, 4, 20, 20, 20, 5, 20, 20, 20]
[20, 1, 2, 5, 6, 20, 0, 3, 4, 7, 20, 20, 20, 20, 20, 20, 20, 20, 20, 20]
[20, 1, 3, 6, 7, 20, 0, 2, 4, 20, 20, 20, 5, 20, 20, 20, 20, 20, 20, 20]
[20, 2, 1, 5, 6, 20, 0, 3, 4, 7, 20, 20, 20, 20, 20, 20, 20, 20, 20, 20]
[20, 3, 1, 6, 7, 20, 0, 2, 4, 20, 20, 20, 5, 20, 20, 20, 20, 20, 20, 20]
[20, 20, 20, 5, 20, 1, 0, 6, 7, 20, 2, 3, 4, 20, 20, 20, 20, 20, 20, 20]
[20, 20, 20, 20, 20, 1, 0, 6, 7, 20, 3, 2, 4, 20, 20, 20, 5, 20, 20, 20]
[20, 2, 3, 6, 7, 20, 0, 1, 4, 20, 20, 20, 5, 20, 20, 20, 20, 20, 20, 20]
[20, 3, 2, 6, 7, 20, 0, 1, 4, 20, 20, 20, 5, 20, 20, 20, 20, 20, 20, 20]
[20, 20, 20, 5, 20, 2, 0, 6, 7, 20, 1, 3, 4, 20, 20, 20, 20, 20, 20, 20]
[20, 20, 20, 20, 20, 3, 0, 6, 7, 20, 1, 2, 4, 20, 20, 20, 5, 20, 20, 20]
[20, 20, 20, 20, 20, 2, 0, 6, 7, 20, 3, 1, 4, 20, 20, 20, 5, 20, 20, 20]
[20, 20, 20, 20, 20, 3, 0, 6, 7, 20, 2, 1, 4, 20, 20, 20, 5, 20, 20, 20]
[20, 1, 2, 5, 6, 20, 3, 0, 4, 7, 20, 20, 20, 20, 20, 20, 20, 20, 20, 20]
[20, 1, 3, 6, 7, 5, 2, 0, 4, 20, 20, 20, 20, 20, 20, 20, 20, 20, 20, 20]
[20, 2, 1, 5, 6, 20, 3, 0, 4, 7, 20, 20, 20, 20, 20, 20, 20, 20, 20, 20]
[20, 3, 1, 6, 7, 5, 2, 0, 4, 20, 20, 20, 20, 20, 20, 20, 20, 20, 20, 20]
[20, 2, 3, 6, 7, 5, 1, 0, 4, 20, 20, 20, 20, 20, 20, 20, 20, 20, 20, 20]
[20, 3, 2, 6, 7, 5, 1, 0, 4, 20, 20, 20, 20, 20, 20, 20, 20, 20, 20, 20]
[20, 20, 20, 20, 20, 20, 20, 0, 1, 6, 20, 5, 2, 3, 4, 20, 20, 20, 7, 20]
[20, 20, 20, 20, 20, 20, 20, 0, 1, 6, 20, 7, 3, 2, 4, 20, 20, 20, 5, 20]
[20, 20, 20, 20, 20, 20, 20, 0, 2, 6, 20, 5, 1, 3, 4, 20, 20, 20, 7, 20]
[20, 20, 20, 20, 20, 20, 20, 0, 3, 6, 20, 7, 1, 2, 4, 20, 20, 20, 5, 20]
[20, 20, 20, 20, 20, 20, 20, 0, 2, 6, 20, 7, 3, 1, 4, 20, 20, 20, 5, 20]
[20, 20, 20, 7, 20, 20, 20, 0, 3, 6, 20, 20, 2, 1, 4, 20, 20, 20, 5, 20]
[20, 20, 20, 20, 20, 20, 20, 1, 0, 6, 20, 5, 2, 3, 4, 20, 20, 20, 7, 20]
[20, 20, 20, 20, 20, 20, 20, 1, 0, 6, 20, 7, 3, 2, 4, 20, 20, 20, 5, 20]
[20, 20, 20, 20, 20, 20, 20, 2, 0, 6, 20, 5, 1, 3, 4, 20, 20, 20, 7, 20]
[20, 20, 20, 20, 20, 20, 20, 3, 0, 6, 20, 7, 1, 2, 4, 20, 20, 20, 5, 20]
[20, 20, 20, 20, 20, 20, 20, 2, 0, 6, 20, 7, 3, 1, 4, 20, 20, 20, 5, 20]
[20, 7, 20, 20, 20, 20, 20, 3, 0, 6, 20, 20, 2, 1, 4, 20, 20, 20, 5, 20]
[20, 5, 20, 20, 20, 1, 2, 6, 7, 20, 0, 3, 4, 20, 20, 20, 20, 20, 20, 20]
[20, 20, 20, 20, 20, 1, 3, 6, 7, 20, 0, 2, 4, 20, 20, 20, 5, 20, 20, 20]
[20, 5, 20, 20, 20, 2, 1, 6, 7, 20, 0, 3, 4, 20, 20, 20, 20, 20, 20, 20]
[20, 20, 20, 20, 20, 3, 1, 6, 7, 20, 0, 2, 4, 20, 20, 20, 5, 20, 20, 20]
[20, 20, 20, 20, 20, 2, 3, 6, 7, 20, 0, 1, 4, 20, 20, 20, 5, 20, 20, 20]
[20, 20, 20, 20, 20, 3, 2, 6, 7, 20, 0, 1, 4, 20, 20, 20, 5, 20, 20, 20]
[20, 5, 20, 20, 20, 1, 2, 6, 7, 20, 3, 0, 4, 20, 20, 20, 20, 20, 20, 20]
[20, 20, 20, 5, 20, 1, 3, 6, 7, 20, 2, 0, 4, 20, 20, 20, 20, 20, 20, 20]
[20, 5, 20, 20, 20, 2, 1, 6, 7, 20, 3, 0, 4, 20, 20, 20, 20, 20, 20, 20]
[20, 20, 20, 5, 20, 3, 1, 6, 7, 20, 2, 0, 4, 20, 20, 20, 20, 20, 20, 20]
[20, 20, 20, 5, 20, 2, 3, 6, 7, 20, 1, 0, 4, 20, 20, 20, 20, 20, 20, 20]
[20, 20, 20, 5, 20, 3, 2, 6, 7, 20, 1, 0, 4, 20, 20, 20, 20, 20, 20, 20]
[20, 20, 20, 5, 20, 20, 20, 1, 2, 6, 20, 20, 0, 3, 4, 20, 20, 20, 7, 20]
[20, 20, 20, 7, 20, 20, 20, 1, 3, 6, 20, 20, 0, 2, 4, 20, 20, 20, 5, 20]
[20, 20, 20, 5, 20, 20, 20, 2, 1, 6, 20, 20, 0, 3, 4, 20, 20, 20, 7, 20]
[20, 20, 20, 7, 20, 20, 20, 3, 1, 6, 20, 20, 0, 2, 4, 20, 20, 20, 5, 20]
[20, 20, 20, 7, 20, 20, 20, 2, 3, 6, 20, 20, 0, 1, 4, 20, 20, 20, 5, 20]
[20, 7, 20, 20, 20, 20, 20, 3, 2, 6, 20, 20, 0, 1, 4, 20, 20, 20, 5, 20]
[20, 20, 20, 5, 20, 20, 20, 1, 2, 6, 20, 20, 3, 0, 4, 20, 20, 20, 7, 20]
[20, 20, 20, 20, 20, 20, 20, 1, 3, 6, 20, 5, 2, 0, 4, 20, 20, 20, 7, 20]
[20, 20, 20, 5, 20, 20, 20, 2, 1, 6, 20, 20, 3, 0, 4, 20, 20, 20, 7, 20]
[20, 20, 20, 20, 20, 20, 20, 3, 1, 6, 20, 5, 2, 0, 4, 20, 20, 20, 7, 20]
[20, 20, 20, 20, 20, 20, 20, 2, 3, 6, 20, 5, 1, 0, 4, 20, 20, 20, 7, 20]
[20, 20, 20, 20, 20, 20, 20, 3, 2, 6, 20, 5, 1, 0, 4, 20, 20, 20, 7, 20]
