[20, 0, 1, 6, 20, 7, 2, 3, 4, 20, 20, 8, 5, 20, 20, 20, 20, 20, 20, 20]
[20, 0, 1, 6, 20, 20, 3, 2, 4, 20, 20, 8, 5, 7, 20, 20, 20, 20, 20, 20]
[20, 0, 2, 6, 20, 7, 1, 3, 4, 20, 20, 8, 5, 20, 20, 20, 20, 20, 20, 20]
[20, 0, 3, 6, 20, 20, 1, 2, 4, 20, 20, 8, 5, 7, 20, 20, 20, 20, 20, 20]
[20, 0, 2, 20, 20, 4, 3, 1, 5, 20, 20, 8, 6, 7, 20, 20, 20, 20, 20, 20]
[20, 0, 3, 20, 20, 4, 2, 1, 5, 20, 20, 8, 6, 7, 20, 20, 20, 20, 20, 20]
[20, 1, 0, 6, 20, 7, 2, 3, 4, 20, 20, 8, 5, 20, 20, 20, 20, 20, 20, 20]
[20, 1, 0, 6, 20, 20, 3, 2, 4, 20, 20, 8, 5, 7, 20, 20, 20, 20, 20, 20]
[20, 2, 0, 6, 20, 7, 1, 3, 4, 20, 20, 8, 5, 20, 20, 20, 20, 20, 20, 20]
[20, 3, 0, 6, 20, 20, 1, 2, 4, 20, 20, 8, 5, 7, 20, 20, 20, 20, 20, 20]
[20, 2, 0, 20, 20, 4, 3, 1, 5, 20, 20, 8, 6, 7, 20, 20, 20, 20, 20, 20]
[20, 3, 0, 20, 20, 4, 2, 1, 5, 20, 20, 8, 6, 7, 20, 20, 20, 20, 20, 20]
[20, 20, 20, 7, 20, 0, 1, 6, 20, 20, 2, 3, 4, 20, 20, 8, 5, 20, 20, 20]
[20, 20, 20, 20, 20, 0, 1, 6, 20, 20, 3, 2, 4, 20, 20, 8, 5, 7, 20, 20]
[20, 20, 20, 7, 20, 0, 2, 6, 20, 20, 1, 3, 4, 20, 20, 8, 5, 20, 20, 20]
[20, 20, 20, 20, 20, 0, 3, 6, 20, 20, 1, 2, 4, 20, 20, 8, 5, 7, 20, 20]
[20, 20, 20, 4, 20, 0, 2, 20, 20, 20, 3, 1, 5, 20, 20, 8, 6, 7, 20, 20]
[20, 20, 20, 4, 20, 0, 3, 20, 20, 20, 2, 1, 5, 20, 20, 8, 6, 7, 20, 20]
[20, 1, 2, 6, 20, 7, 0, 3, 4, 20, 20, 8, 5, 20, 20, 20, 20, 20, 20, 20]
[20, 1, 3, 6, 20, 20, 0, 2, 4, 20, 20, 8, 5, 7, 20, 20, 20, 20, 20, 20]
[20, 2, 1, 6, 20, 7, 0, 3, 4, 20, 20, 8, 5, 20, 20, 20, 20, 20, 20, 20]
[20, 3, 1, 6, 20, 20, 0, 2, 4, 20, 20, 8, 5, 7, 20, 20, 20, 20, 20, 20]
[20, 20, 20, 7, 20, 1, 0, 6, 20, 20, 2, 3, 4, 20, 20, 8, 5, 20, 20, 20]
[20, 20, 20, 20, 20, 1, 0, 6, 20, 20, 3, 2, 4, 20, 20, 8, 5, 7, 20, 20]
[20, 2, 3, 20, 20, 4, 0, 1, 5, 20, 20, 8, 6, 7, 20, 20, 20, 20, 20, 20]
[20, 3, 2, 20, 20, 4, 0, 1, 5, 20, 20, 8, 6, 7, 20, 20, 20, 20, 20, 20]
[20, 20, 20, 7, 20, 2, 0, 6, 20, 20, 1, 3, 4, 20, 20, 8, 5, 20, 20, 20]
[20, 20, 20, 20, 20, 3, 0, 6, 20, 20, 1, 2, 4, 20, 20, 8, 5, 7, 20, 20]
[20, 20, 20, 4, 20, 2, 0, 20, 20, 20, 3, 1, 5, 20, 20, 8, 6, 7, 20, 20]
[20, 20, 20, 4, 20, 3, 0, 20, 20, 20, 2, 1, 5, 20, 20, 8, 6, 7, 20, 20]
[20, 1, 2, 6, 20, 20, 3, 0, 4, 20, 20, 8, 5, 7, 20, 20, 20, 20, 20, 20]
[20, 1, 3, 6, 20, 20, 2, 0, 4, 20, 20, 8, 5, 7, 20, 20, 20, 20, 20, 20]
[20, 2, 1, 6, 20, 20, 3, 0, 4, 20, 20, 8, 5, 7, 20, 20, 20, 20, 20, 20]
[20, 3, 1, 6, 20, 20, 2, 0, 4, 20, 20, 8, 5, 7, 20, 20, 20, 20, 20, 20]
[20, 2, 3, 6, 20, 20, 1, 0, 4, 20, 20, 8, 5, 7, 20, 20, 20, 20, 20, 20]
[20, 3, 2, 6, 20, 20, 1, 0, 4, 20, 20, 8, 5, 7, 20, 20, 20, 20, 20, 20]
[20, 20, 20, 20, 20, 20, 20, 0, 1, 6, 20, 7, 2, 3, 4, 20, 8, 20, 5, 20]
[20, 20, 20, 7, 8, 20, 20, 0, 1, 6, 20, 20, 3, 2, 4, 20, 20, 20, 5, 20]
[20, 20, 20, 20, 8, 20, 20, 0, 2, 6, 20, 7, 1, 3, 4, 20, 20, 20, 5, 20]
[20, 20, 20, 20, 8, 20, 20, 0, 3, 6, 20, 7, 1, 2, 4, 20, 20, 20, 5, 20]
[20, 20, 20, 7, 20, 20, 20, 0, 2, 8, 20, 4, 3, 1, 5, 20, 20, 20, 6, 20]
[20, 20, 20, 20, 20, 20, 20, 0, 3, 8, 20, 4, 2, 1, 5, 20, 7, 20, 6, 20]
[20, 20, 20, 20, 20, 20, 20, 1, 0, 6, 20, 7, 2, 3, 4, 20, 8, 20, 5, 20]
[20, 20, 20, 7, 8, 20, 20, 1, 0, 6, 20, 20, 3, 2, 4, 20, 20, 20, 5, 20]
[20, 20, 20, 20, 8, 20, 20, 2, 0, 6, 20, 7, 1, 3, 4, 20, 20, 20, 5, 20]
[20, 20, 20, 20, 8, 20, 20, 3, 0, 6, 20, 7, 1, 2, 4, 20, 20, 20, 5, 20]
[20, 20, 20, 7, 20, 20, 20, 2, 0, 8, 20, 4, 3, 1, 5, 20, 20, 20, 6, 20]
[20, 20, 20, 20, 20, 20, 20, 3, 0, 8, 20, 4, 2, 1, 5, 20, 7, 20, 6, 20]
[20, 20, 20, 7, 20, 1, 2, 6, 20, 20, 0, 3, 4, 20, 20, 8, 5, 20, 20, 20]
[20, 20, 20, 20, 20, 1, 3, 6, 20, 20, 0, 2, 4, 20, 20, 8, 5, 7, 20, 20]
[20, 20, 20, 7, 20, 2, 1, 6, 20, 20, 0, 3, 4, 20, 20, 8, 5, 20, 20, 20]
[20, 20, 20, 20, 20, 3, 1, 6, 20, 20, 0, 2, 4, 20, 20, 8, 5, 7, 20, 20]
[20, 20, 20, 4, 20, 2, 3, 20, 20, 20, 0, 1, 5, 20, 20, 8, 6, 7, 20, 20]
[20, 20, 20, 4, 20, 3, 2, 20, 20, 20, 0, 1, 5, 20, 20, 8, 6, 7, 20, 20]
[20, 20, 20, 20, 20, 1, 2, 6, 20, 20, 3, 0, 4, 20, 20, 8, 5, 7, 20, 20]
[20, 20, 20, 20, 20, 1, 3, 6, 20, 20, 2, 0, 4, 20, 20, 8, 5, 7, 20, 20]
[20, 20, 20, 20, 20, 2, 1, 6, 20, 20, 3, 0, 4, 20, 20, 8, 5, 7, 20, 20]
[20, 20, 20, 20, 20, 3, 1, 6, 20, 20, 2, 0, 4, 20, 20, 8, 5, 7, 20, 20]
[20, 20, 20, 20, 20, 2, 3, 6, 20, 20, 1, 0, 4, 20, 20, 8, 5, 7, 20, 20]
[20, 20, 20, 20, 20, 3, 2, 6, 20, 20, 1, 0, 4, 20, 20, 8, 5, 7, 20, 20]
[20, 20, 20, 20, 8, 20, 20, 1, 2, 6, 20, 7, 0, 3, 4, 20, 20, 20, 5, 20]
[20, 20, 20, 20, 8, 20, 20, 1, 3, 6, 20, 7, 0, 2, 4, 20, 20, 20, 5, 20]
[20, 20, 20, 20, 8, 20, 20, 2, 1, 6, 20, 7, 0, 3, 4, 20, 20, 20, 5, 20]
[20, 20, 20, 20, 8, 20, 20, 3, 1, 6, 20, 7, 0, 2, 4, 20, 20, 20, 5, 20]
[20, 20, 20, 20, 20, 20, 20, 2, 3, 8, 20, 4, 0, 1, 5, 20, 7, 20, 6, 20]
[20, 20, 20, 20, 20, 20, 20, 3, 2, 8, 20, 4, 0, 1, 5, 20, 7, 20, 6, 20]
[20, 20, 20, 7, 8, 20, 20, 1, 2, 6, 20, 20, 3, 0, 4, 20, 20, 20, 5, 20]
[20, 20, 20, 20, 20, 20, 20, 1, 3, 6, 20, 7, 2, 0, 4, 20, 8, 20, 5, 20]
[20, 20, 20, 7, 8, 20, 20, 2, 1, 6, 20, 20, 3, 0, 4, 20, 20, 20, 5, 20]
[20, 20, 20, 20, 20, 20, 20, 3, 1, 6, 20, 7, 2, 0, 4, 20, 8, 20, 5, 20]
[20, 20, 20, 20, 8, 20, 20, 2, 3, 6, 20, 7, 1, 0, 4, 20, 20, 20, 5, 20]
[20, 20, 20, 20, 8, 20, 20, 3, 2, 6, 20, 7, 1, 0, 4, 20, 20, 20, 5, 20]
