[1, 2, 3, 4, 5, 0, 8, 7, 6, 20, 9, 20, 20, 20, 20, 20, 20, 20, 20, 20]
[1, 2, 3, 4, 5, 0, 8, 7, 6, 20, 9, 20, 20, 20, 20, 20, 20, 20, 20, 20]
[1, 2, 3, 4, 5, 0, 8, 7, 6, 20, 20, 9, 20, 20, 20, 20, 20, 20, 20, 20]
[1, 2, 3, 4, 5, 0, 8, 7, 6, 20, 20, 9, 20, 20, 20, 20, 20, 20, 20, 20]
[1, 2, 3, 4, 5, 0, 20, 7, 6, 20, 20, 9, 8, 20, 20, 20, 20, 20, 20, 20]
[1, 2, 3, 4, 5, 0, 20, 7, 6, 20, 20, 9, 8, 20, 20, 20, 20, 20, 20, 20]
[1, 2, 3, 4, 5, 0, 20, 7, 6, 20, 20, 20, 8, 9, 20, 20, 20, 20, 20, 20]
[1, 2, 3, 4, 5, 0, 20, 7, 6, 20, 20, 20, 8, 9, 20, 20, 20, 20, 20, 20]
[1, 2, 3, 4, 5, 0, 20, 7, 6, 20, 20, 20, 8, 20, 20, 20, 9, 20, 20, 20]
[1, 2, 3, 4, 5, 0, 20, 7, 6, 20, 20, 20, 8, 20, 20, 20, 9, 20, 20, 20]
[1, 2, 3, 4, 5, 0, 20, 7, 6, 20, 20, 20, 8, 20, 20, 20, 20, 9, 20, 20]
[1, 2, 3, 4, 5, 0, 20, 7, 6, 20, 20, 20, 8, 20, 20, 20, 20, 9, 20, 20]
[1, 2, 3, 4, 5, 0, 20, 7, 6, 20, 20, 20, 9, 8, 20, 20, 20, 20, 20, 20]
[1, 2, 3, 4, 5, 0, 20, 7, 6, 20, 20, 20, 9, 8, 20, 20, 20, 20, 20, 20]
[1, 2, 3, 4, 5, 0, 20, 7, 6, 20, 20, 20, 20, 8, 9, 20, 20, 20, 20, 20]
[1, 2, 3, 4, 5, 0, 20, 7, 6, 20, 20, 20, 20, 8, 9, 20, 20, 20, 20, 20]
[1, 2, 3, 4, 5, 0, 20, 7, 6, 20, 20, 20, 20, 8, 20, 20, 20, 20, 9, 20]
[1, 2, 3, 4, 5, 0, 20, 7, 6, 20, 20, 20, 20, 8, 20, 20, 20, 20, 9, 20]
[1, 2, 3, 4, 5, 0, 20, 7, 6, 20, 20, 20, 20, 8, 20, 20, 20, 20, 20, 9]
[1, 2, 3, 4, 5, 0, 20, 7, 6, 20, 20, 20, 20, 8, 20, 20, 20, 20, 20, 9]
[1, 2, 3, 4, 5, 0, 20, 20, 6, 7, 20, 20, 20, 9, 8, 20, 20, 20, 20, 20]
[1, 2, 3, 4, 5, 0, 20, 20, 6, 7, 20, 20, 20, 9, 8, 20, 20, 20, 20, 20]
[1, 2, 3, 4, 5, 0, 20, 20, 6, 7, 20, 20, 20, 20, 8, 20, 20, 20, 9, 20]
[1, 2, 3, 4, 5, 0, 20, 20, 6, 7, 20, 20, 20, 20, 8, 20, 20, 20, 9, 20]
[1, 2, 3, 4, 5, 0, 20, 20, 6, 7, 20, 20, 20, 20, 8, 20, 20, 20, 20, 9]
[1, 2, 3, 4, 5, 0, 20, 20, 6, 7, 20, 20, 20, 20, 8, 20, 20, 20, 20, 9]
[1, 2, 3, 4, 5, 0, 9, 8, 6, 20, 20, 20, 7, 20, 20, 20, 20, 20, 20, 20]
[1, 2, 3, 4, 5, 0, 9, 8, 6, 20, 20, 20, 7, 20, 20, 20, 20, 20, 20, 20]
[1, 2, 3, 4, 5, 0, 20, 8, 6, 20, 20, 20, 7, 9, 20, 20, 20, 20, 20, 20]
[1, 2, 3, 4, 5, 0, 20, 8, 6, 20, 20, 20, 7, 9, 20, 20, 20, 20, 20, 20]
[1, 2, 3, 4, 5, 0, 9, 20, 6, 20, 20, 8, 7, 20, 20, 20, 20, 20, 20, 20]
[1, 2, 3, 4, 5, 0, 9, 20, 6, 20, 20, 8, 7, 20, 20, 20, 20, 20, 20, 20]
[1, 2, 3, 4, 5, 0, 20, 20, 6, 20, 9, 8, 7, 20, 20, 20, 20, 20, 20, 20]
[1, 2, 3, 4, 5, 0, 20, 20, 6, 20, 9, 8, 7, 20, 20, 20, 20, 20, 20, 20]
[1, 2, 3, 4, 5, 0, 20, 20, 6, 20, 20, 8, 7, 20, 20, 20, 9, 20, 20, 20]
[1, 2, 3, 4, 5, 0, 20, 20, 6, 20, 20, 8, 7, 20, 20, 20, 9, 20, 20, 20]
[1, 2, 3, 4, 5, 0, 20, 20, 6, 20, 20, 8, 7, 20, 20, 20, 20, 9, 20, 20]
[1, 2, 3, 4, 5, 0, 20, 20, 6, 20, 20, 8, 7, 20, 20, 20, 20, 9, 20, 20]
[1, 2, 3, 4, 5, 0, 20, 9, 6, 20, 20, 20, 7, 8, 20, 20, 20, 20, 20, 20]
[1, 2, 3, 4, 5, 0, 20, 9, 6, 20, 20, 20, 7, 8, 20, 20, 20, 20, 20, 20]
[1, 2, 3, 4, 5, 0, 20, 20, 6, 20, 20, 20, 7, 8, 9, 20, 20, 20, 20, 20]
[1, 2, 3, 4, 5, 0, 20, 20, 6, 20, 20, 20, 7, 8, 9, 20, 20, 20, 20, 20]
[1, 2, 3, 4, 5, 0, 20, 20, 6, 20, 20, 20, 7, 8, 20, 20, 20, 20, 9, 20]
[1, 2, 3, 4, 5, 0, 20, 20, 6, 20, 20, 20, 7, 8, 20, 20, 20, 20, 9, 20]
[1, 2, 3, 4, 5, 0, 20, 20, 6, 20, 20, 20, 7, 8, 20, 20, 20, 20, 20, 9]
[1, 2, 3, 4, 5, 0, 20, 20, 6, 20, 20, 20, 7, 8, 20, 20, 20, 20, 20, 9]
[1, 2, 3, 4, 5, 0, 20, 20, 6, 20, 20, 9, 7, 20, 20, 20, 8, 20, 20, 20]
[1, 2, 3, 4, 5, 0, 20, 20, 6, 20, 20, 9, 7, 20, 20, 20, 8, 20, 20, 20]
[1, 2, 3, 4, 5, 0, 20, 20, 6, 20, 20, 20, 7, 20, 20, 9, 8, 20, 20, 20]
[1, 2, 3, 4, 5, 0, 20, 20, 6, 20, 20, 20, 7, 20, 20, 9, 8, 20, 20, 20]
[1, 2, 3, 4, 5, 0, 20, 20, 6, 20, 20, 20, 7, 20, 20, 20, 8, 9, 20, 20]
[1, 2, 3, 4, 5, 0, 20, 20, 6, 20, 20, 20, 7, 20, 20, 20, 8, 9, 20, 20]
[1, 2, 3, 4, 5, 0, 20, 20, 6, 20, 20, 9, 7, 20, 20, 20, 20, 8, 20, 20]
[1, 2, 3, 4, 5, 0, 20, 20, 6, 20, 20, 9, 7, 20, 20, 20, 20, 8, 20, 20]
[1, 2, 3, 4, 5, 0, 20, 20, 6, 20, 20, 20, 7, 20, 20, 20, 9, 8, 20, 20]
[1, 2, 3, 4, 5, 0, 20, 20, 6, 20, 20, 20, 7, 20, 20, 20, 9, 8, 20, 20]
[1, 2, 3, 4, 5, 0, 9, 8, 6, 20, 20, 20, 20, 7, 20, 20, 20, 20, 20, 20]
[1, 2, 3, 4, 5, 0, 9, 8, 6, 20, 20, 20, 20, 7, 20, 20, 20, 20, 20, 20]
[1, 2, 3, 4, 5, 0, 20, 8, 6, 20, 20, 20, 9, 7, 20, 20, 20, 20, 20, 20]
[1, 2, 3, 4, 5, 0, 20, 8, 6, 20, 20, 20, 9, 7, 20, 20, 20, 20, 20, 20]
[1, 2, 3, 4, 5, 0, 20, 9, 6, 20, 20, 20, 8, 7, 20, 20, 20, 20, 20, 20]
[1, 2, 3, 4, 5, 0, 20, 9, 6, 20, 20, 20, 8, 7, 20, 20, 20, 20, 20, 20]
[1, 2, 3, 4, 5, 0, 20, 20, 6, 20, 20, 9, 8, 7, 20, 20, 20, 20, 20, 20]
[1, 2, 3, 4, 5, 0, 20, 20, 6, 20, 20, 9, 8, 7, 20, 20, 20, 20, 20, 20]
[1, 2, 3, 4, 5, 0, 20, 20, 6, 20, 20, 20, 8, 7, 20, 20, 9, 20, 20, 20]
[1, 2, 3, 4, 5, 0, 20, 20, 6, 20, 20, 20, 8, 7, 20, 20, 9, 20, 20, 20]
[1, 2, 3, 4, 5, 0, 20, 20, 6, 20, 20, 20, 8, 7, 20, 20, 20, 9, 20, 20]
[1, 2, 3, 4, 5, 0, 20, 20, 6, 20, 20, 20, 8, 7, 20, 20, 20, 9, 20, 20]
[1, 2, 3, 4, 5, 0, 20, 20, 6, 9, 20, 20, 20, 7, 8, 20, 20, 20, 20, 20]
[1, 2, 3, 4, 5, 0, 20, 20, 6, 9, 20, 20, 20, 7, 8, 20, 20, 20, 20, 20]
[1, 2, 3, 4, 5, 0, 20, 20, 6, 20, 20, 20, 20, 7, 8, 20, 20, 20, 9, 20]
[1, 2, 3, 4, 5, 0, 20, 20, 6, 20, 20, 20, 20, 7, 8, 20, 20, 20, 9, 20]
[1, 2, 3, 4, 5, 0, 20, 20, 6, 20, 20, 20, 20, 7, 8, 20, 20, 20, 20, 9]
[1, 2, 3, 4, 5, 0, 20, 20, 6, 20, 20, 20, 20, 7, 8, 20, 20, 20, 20, 9]
[1, 2, 3, 4, 5, 0, 20, 20, 6, 20, 20, 20, 20, 7, 9, 20, 20, 20, 8, 20]
[1, 2, 3, 4, 5, 0, 20, 20, 6, 20, 20, 20, 20, 7, 9, 20, 20, 20, 8, 20]
[1, 2, 3, 4, 5, 0, 20, 20, 6, 20, 20, 20, 20, 7, 20, 20, 20, 20, 8, 9]
[1, 2, 3, 4, 5, 0, 20, 20, 6, 20, 20, 20, 20, 7, 20, 20, 20, 20, 8, 9]
[1, 2, 3, 4, 5, 0, 20, 20, 6, 20, 20, 20, 20, 7, 9, 20, 20, 20, 20, 8]
[1, 2, 3, 4, 5, 0, 20, 20, 6, 20, 20, 20, 20, 7, 9, 20, 20, 20, 20, 8]
[1, 2, 3, 4, 5, 0, 20, 20, 6, 20, 20, 20, 20, 7, 20, 20, 20, 20, 9, 8]
[1, 2, 3, 4, 5, 0, 20, 20, 6, 20, 20, 20, 20, 7, 20, 20, 20, 20, 9, 8]
[1, 2, 3, 4, 5, 0, 9, 8, 7, 6, 20, 20, 20, 20, 20, 20, 20, 20, 20, 20]
[1, 2, 3, 4, 5, 0, 9, 8, 7, 6, 20, 20, 20, 20, 20, 20, 20, 20, 20, 20]
[1, 2, 3, 4, 5, 0, 20, 8, 7, 6, 20, 20, 9, 20, 20, 20, 20, 20, 20, 20]
[1, 2, 3, 4, 5, 0, 20, 8, 7, 6, 20, 20, 9, 20, 20, 20, 20, 20, 20, 20]
[1, 2, 3, 4, 5, 0, 20, 8, 7, 6, 20, 20, 20, 9, 20, 20, 20, 20, 20, 20]
[1, 2, 3, 4, 5, 0, 20, 8, 7, 6, 20, 20, 20, 9, 20, 20, 20, 20, 20, 20]
[1, 2, 3, 4, 5, 0, 20, 9, 7, 6, 20, 20, 8, 20, 20, 20, 20, 20, 20, 20]
[1, 2, 3, 4, 5, 0, 20, 9, 7, 6, 20, 20, 8, 20, 20, 20, 20, 20, 20, 20]
[1, 2, 3, 4, 5, 0, 20, 20, 7, 6, 20, 9, 8, 20, 20, 20, 20, 20, 20, 20]
[1, 2, 3, 4, 5, 0, 20, 20, 7, 6, 20, 9, 8, 20, 20, 20, 20, 20, 20, 20]
[1, 2, 3, 4, 5, 0, 20, 20, 7, 6, 20, 20, 8, 9, 20, 20, 20, 20, 20, 20]
[1, 2, 3, 4, 5, 0, 20, 20, 7, 6, 20, 20, 8, 9, 20, 20, 20, 20, 20, 20]
[1, 2, 3, 4, 5, 0, 20, 20, 7, 6, 20, 20, 8, 20, 20, 20, 9, 20, 20, 20]
[1, 2, 3, 4, 5, 0, 20, 20, 7, 6, 20, 20, 8, 20, 20, 20, 9, 20, 20, 20]
[1, 2, 3, 4, 5, 0, 20, 20, 7, 6, 20, 20, 8, 20, 20, 20, 20, 9, 20, 20]
[1, 2, 3, 4, 5, 0, 20, 20, 7, 6, 20, 20, 8, 20, 20, 20, 20, 9, 20, 20]
[1, 2, 3, 4, 5, 0, 20, 9, 7, 6, 20, 20, 20, 8, 20, 20, 20, 20, 20, 20]
[1, 2, 3, 4, 5, 0, 20, 9, 7, 6, 20, 20, 20, 8, 20, 20, 20, 20, 20, 20]
[1, 2, 3, 4, 5, 0, 20, 20, 7, 6, 20, 20, 9, 8, 20, 20, 20, 20, 20, 20]
[1, 2, 3, 4, 5, 0, 20, 20, 7, 6, 20, 20, 9, 8, 20, 20, 20, 20, 20, 20]
[1, 2, 3, 4, 5, 0, 20, 20, 7, 6, 20, 20, 20, 8, 9, 20, 20, 20, 20, 20]
[1, 2, 3, 4, 5, 0, 20, 20, 7, 6, 20, 20, 20, 8, 9, 20, 20, 20, 20, 20]
[1, 2, 3, 4, 5, 0, 20, 20, 7, 6, 20, 20, 20, 8, 20, 20, 20, 20, 9, 20]
[1, 2, 3, 4, 5, 0, 20, 20, 7, 6, 20, 20, 20, 8, 20, 20, 20, 20, 9, 20]
[1, 2, 3, 4, 5, 0, 20, 20, 7, 6, 20, 20, 20, 8, 20, 20, 20, 20, 20, 9]
[1, 2, 3, 4, 5, 0, 20, 20, 7, 6, 20, 20, 20, 8, 20, 20, 20, 20, 20, 9]
[1, 2, 3, 4, 5, 0, 20, 9, 20, 6, 20, 20, 20, 8, 7, 20, 20, 20, 20, 20]
[1, 2, 3, 4, 5, 0, 20, 9, 20, 6, 20, 20, 20, 8, 7, 20, 20, 20, 20, 20]
[1, 2, 3, 4, 5, 0, 20, 20, 9, 6, 20, 20, 20, 8, 7, 20, 20, 20, 20, 20]
[1, 2, 3, 4, 5, 0, 20, 20, 9, 6, 20, 20, 20, 8, 7, 20, 20, 20, 20, 20]
[1, 2, 3, 4, 5, 0, 20, 20, 20, 6, 20, 20, 9, 8, 7, 20, 20, 20, 20, 20]
[1, 2, 3, 4, 5, 0, 20, 20, 20, 6, 20, 20, 9, 8, 7, 20, 20, 20, 20, 20]
[1, 2, 3, 4, 5, 0, 20, 20, 20, 6, 20, 20, 20, 8, 7, 20, 20, 20, 9, 20]
[1, 2, 3, 4, 5, 0, 20, 20, 20, 6, 20, 20, 20, 8, 7, 20, 20, 20, 9, 20]
[1, 2, 3, 4, 5, 0, 20, 20, 20, 6, 20, 20, 20, 8, 7, 20, 20, 20, 20, 9]
[1, 2, 3, 4, 5, 0, 20, 20, 20, 6, 20, 20, 20, 8, 7, 20, 20, 20, 20, 9]
[1, 2, 3, 4, 5, 0, 20, 20, 20, 6, 20, 20, 20, 9, 7, 20, 20, 20, 8, 20]
[1, 2, 3, 4, 5, 0, 20, 20, 20, 6, 20, 20, 20, 9, 7, 20, 20, 20, 8, 20]
[1, 2, 3, 4, 5, 0, 20, 20, 20, 6, 20, 20, 20, 20, 7, 20, 20, 20, 8, 9]
[1, 2, 3, 4, 5, 0, 20, 20, 20, 6, 20, 20, 20, 20, 7, 20, 20, 20, 8, 9]
[1, 2, 3, 4, 5, 0, 20, 20, 20, 6, 20, 20, 20, 9, 7, 20, 20, 20, 20, 8]
[1, 2, 3, 4, 5, 0, 20, 20, 20, 6, 20, 20, 20, 9, 7, 20, 20, 20, 20, 8]
[1, 2, 3, 4, 5, 0, 20, 20, 20, 6, 20, 20, 20, 20, 7, 20, 20, 20, 9, 8]
[1, 2, 3, 4, 5, 0, 20, 20, 20, 6, 20, 20, 20, 20, 7, 20, 20, 20, 9, 8]
[1, 2, 3, 4, 6, 0, 20, 20, 5, 7, 20, 20, 20, 9, 8, 20, 20, 20, 20, 20]
[1, 2, 3, 4, 6, 0, 20, 20, 5, 7, 20, 20, 20, 9, 8, 20, 20, 20, 20, 20]
[1, 2, 3, 4, 6, 0, 20, 20, 5, 7, 20, 20, 20, 20, 8, 20, 20, 20, 9, 20]
[1, 2, 3, 4, 6, 0, 20, 20, 5, 7, 20, 20, 20, 20, 8, 20, 20, 20, 9, 20]
[1, 2, 3, 4, 6, 0, 20, 20, 5, 7, 20, 20, 20, 20, 8, 20, 20, 20, 20, 9]
[1, 2, 3, 4, 6, 0, 20, 20, 5, 7, 20, 20, 20, 20, 8, 20, 20, 20, 20, 9]
[1, 2, 3, 4, 20, 0, 7, 6, 5, 20, 8, 9, 20, 20, 20, 20, 20, 20, 20, 20]
[1, 2, 3, 4, 20, 0, 7, 6, 5, 20, 8, 9, 20, 20, 20, 20, 20, 20, 20, 20]
[1, 2, 3, 4, 20, 0, 7, 6, 5, 20, 8, 20, 20, 20, 20, 9, 20, 20, 20, 20]
[1, 2, 3, 4, 20, 0, 7, 6, 5, 20, 8, 20, 20, 20, 20, 9, 20, 20, 20, 20]
[1, 2, 3, 4, 20, 0, 7, 6, 5, 20, 9, 8, 20, 20, 20, 20, 20, 20, 20, 20]
[1, 2, 3, 4, 20, 0, 7, 6, 5, 20, 9, 8, 20, 20, 20, 20, 20, 20, 20, 20]
[1, 2, 3, 4, 20, 0, 7, 6, 5, 20, 20, 8, 9, 20, 20, 20, 20, 20, 20, 20]
[1, 2, 3, 4, 20, 0, 7, 6, 5, 20, 20, 8, 9, 20, 20, 20, 20, 20, 20, 20]
[1, 2, 3, 4, 20, 0, 7, 6, 5, 20, 20, 8, 20, 20, 20, 20, 9, 20, 20, 20]
[1, 2, 3, 4, 20, 0, 7, 6, 5, 20, 20, 8, 20, 20, 20, 20, 9, 20, 20, 20]
[1, 2, 3, 4, 20, 0, 7, 6, 5, 20, 20, 8, 20, 20, 20, 20, 20, 9, 20, 20]
[1, 2, 3, 4, 20, 0, 7, 6, 5, 20, 20, 8, 20, 20, 20, 20, 20, 9, 20, 20]
[1, 2, 3, 4, 20, 0, 9, 6, 5, 20, 20, 8, 7, 20, 20, 20, 20, 20, 20, 20]
[1, 2, 3, 4, 20, 0, 9, 6, 5, 20, 20, 8, 7, 20, 20, 20, 20, 20, 20, 20]
[1, 2, 3, 4, 20, 0, 20, 6, 5, 20, 9, 8, 7, 20, 20, 20, 20, 20, 20, 20]
[1, 2, 3, 4, 20, 0, 20, 6, 5, 20, 9, 8, 7, 20, 20, 20, 20, 20, 20, 20]
[1, 2, 3, 4, 20, 0, 20, 6, 5, 20, 20, 8, 7, 20, 20, 20, 9, 20, 20, 20]
[1, 2, 3, 4, 20, 0, 20, 6, 5, 20, 20, 8, 7, 20, 20, 20, 9, 20, 20, 20]
[1, 2, 3, 4, 20, 0, 20, 6, 5, 20, 20, 8, 7, 20, 20, 20, 20, 9, 20, 20]
[1, 2, 3, 4, 20, 0, 20, 6, 5, 20, 20, 8, 7, 20, 20, 20, 20, 9, 20, 20]
[1, 2, 3, 4, 20, 0, 20, 6, 5, 20, 20, 20, 7, 8, 9, 20, 20, 20, 20, 20]
[1, 2, 3, 4, 20, 0, 20, 6, 5, 20, 20, 20, 7, 8, 9, 20, 20, 20, 20, 20]
[1, 2, 3, 4, 20, 0, 20, 6, 5, 20, 20, 20, 7, 8, 20, 20, 20, 20, 9, 20]
[1, 2, 3, 4, 20, 0, 20, 6, 5, 20, 20, 20, 7, 8, 20, 20, 20, 20, 9, 20]
[1, 2, 3, 4, 20, 0, 20, 6, 5, 20, 20, 20, 7, 8, 20, 20, 20, 20, 20, 9]
[1, 2, 3, 4, 20, 0, 20, 6, 5, 20, 20, 20, 7, 8, 20, 20, 20, 20, 20, 9]
[1, 2, 3, 4, 20, 0, 20, 6, 5, 20, 20, 9, 7, 20, 20, 20, 8, 20, 20, 20]
[1, 2, 3, 4, 20, 0, 20, 6, 5, 20, 20, 9, 7, 20, 20, 20, 8, 20, 20, 20]
[1, 2, 3, 4, 20, 0, 20, 6, 5, 20, 20, 20, 7, 20, 20, 9, 8, 20, 20, 20]
[1, 2, 3, 4, 20, 0, 20, 6, 5, 20, 20, 20, 7, 20, 20, 9, 8, 20, 20, 20]
[1, 2, 3, 4, 20, 0, 20, 6, 5, 20, 20, 20, 7, 20, 20, 20, 8, 9, 20, 20]
[1, 2, 3, 4, 20, 0, 20, 6, 5, 20, 20, 20, 7, 20, 20, 20, 8, 9, 20, 20]
[1, 2, 3, 4, 20, 0, 20, 6, 5, 20, 20, 9, 7, 20, 20, 20, 20, 8, 20, 20]
[1, 2, 3, 4, 20, 0, 20, 6, 5, 20, 20, 9, 7, 20, 20, 20, 20, 8, 20, 20]
[1, 2, 3, 4, 20, 0, 20, 6, 5, 20, 20, 20, 7, 20, 20, 20, 9, 8, 20, 20]
[1, 2, 3, 4, 20, 0, 20, 6, 5, 20, 20, 20, 7, 20, 20, 20, 9, 8, 20, 20]
[1, 2, 3, 4, 20, 0, 20, 6, 5, 20, 20, 9, 8, 7, 20, 20, 20, 20, 20, 20]
[1, 2, 3, 4, 20, 0, 20, 6, 5, 20, 20, 9, 8, 7, 20, 20, 20, 20, 20, 20]
[1, 2, 3, 4, 20, 0, 20, 6, 5, 20, 20, 20, 8, 7, 20, 20, 9, 20, 20, 20]
[1, 2, 3, 4, 20, 0, 20, 6, 5, 20, 20, 20, 8, 7, 20, 20, 9, 20, 20, 20]
[1, 2, 3, 4, 20, 0, 20, 6, 5, 20, 20, 20, 8, 7, 20, 20, 20, 9, 20, 20]
[1, 2, 3, 4, 20, 0, 20, 6, 5, 20, 20, 20, 8, 7, 20, 20, 20, 9, 20, 20]
[1, 2, 3, 4, 20, 0, 20, 6, 5, 9, 20, 20, 20, 7, 8, 20, 20, 20, 20, 20]
[1, 2, 3, 4, 20, 0, 20, 6, 5, 9, 20, 20, 20, 7, 8, 20, 20, 20, 20, 20]
[1, 2, 3, 4, 20, 0, 20, 6, 5, 20, 20, 20, 20, 7, 8, 20, 20, 20, 9, 20]
[1, 2, 3, 4, 20, 0, 20, 6, 5, 20, 20, 20, 20, 7, 8, 20, 20, 20, 9, 20]
[1, 2, 3, 4, 20, 0, 20, 6, 5, 20, 20, 20, 20, 7, 8, 20, 20, 20, 20, 9]
[1, 2, 3, 4, 20, 0, 20, 6, 5, 20, 20, 20, 20, 7, 8, 20, 20, 20, 20, 9]
[1, 2, 3, 4, 20, 0, 20, 6, 5, 20, 20, 20, 20, 7, 9, 20, 20, 20, 8, 20]
[1, 2, 3, 4, 20, 0, 20, 6, 5, 20, 20, 20, 20, 7, 9, 20, 20, 20, 8, 20]
[1, 2, 3, 4, 20, 0, 20, 6, 5, 20, 20, 20, 20, 7, 20, 20, 20, 20, 8, 9]
[1, 2, 3, 4, 20, 0, 20, 6, 5, 20, 20, 20, 20, 7, 20, 20, 20, 20, 8, 9]
[1, 2, 3, 4, 20, 0, 20, 6, 5, 20, 20, 20, 20, 7, 9, 20, 20, 20, 20, 8]
[1, 2, 3, 4, 20, 0, 20, 6, 5, 20, 20, 20, 20, 7, 9, 20, 20, 20, 20, 8]
[1, 2, 3, 4, 20, 0, 20, 6, 5, 20, 20, 20, 20, 7, 20, 20, 20, 20, 9, 8]
[1, 2, 3, 4, 20, 0, 20, 6, 5, 20, 20, 20, 20, 7, 20, 20, 20, 20, 9, 8]
[1, 2, 3, 4, 20, 0, 20, 9, 5, 6, 20, 20, 20, 8, 7, 20, 20, 20, 20, 20]
[1, 2, 3, 4, 20, 0, 20, 9, 5, 6, 20, 20, 20, 8, 7, 20, 20, 20, 20, 20]
[1, 2, 3, 4, 20, 0, 20, 20, 5, 6, 20, 20, 9, 8, 7, 20, 20, 20, 20, 20]
[1, 2, 3, 4, 20, 0, 20, 20, 5, 6, 20, 20, 9, 8, 7, 20, 20, 20, 20, 20]
[1, 2, 3, 4, 20, 0, 20, 20, 5, 6, 20, 20, 20, 8, 7, 20, 20, 20, 9, 20]
[1, 2, 3, 4, 20, 0, 20, 20, 5, 6, 20, 20, 20, 8, 7, 20, 20, 20, 9, 20]
[1, 2, 3, 4, 20, 0, 20, 20, 5, 6, 20, 20, 20, 8, 7, 20, 20, 20, 20, 9]
[1, 2, 3, 4, 20, 0, 20, 20, 5, 6, 20, 20, 20, 8, 7, 20, 20, 20, 20, 9]
[1, 2, 3, 4, 20, 0, 20, 20, 5, 6, 20, 20, 20, 9, 7, 20, 20, 20, 8, 20]
[1, 2, 3, 4, 20, 0, 20, 20, 5, 6, 20, 20, 20, 9, 7, 20, 20, 20, 8, 20]
[1, 2, 3, 4, 20, 0, 20, 20, 5, 6, 20, 20, 20, 20, 7, 20, 20, 20, 8, 9]
[1, 2, 3, 4, 20, 0, 20, 20, 5, 6, 20, 20, 20, 20, 7, 20, 20, 20, 8, 9]
