[1, 2, 3, 4, 5, 0, 8, 7, 6, 20, 9, 10, 11, 12, 20, 20, 20, 20, 20, 20]
[1, 2, 3, 4, 5, 0, 8, 7, 6, 20, 9, 10, 11, 12, 20, 20, 20, 20, 20, 20]
[1, 2, 3, 4, 5, 0, 8, 7, 6, 20, 9, 10, 11, 20, 20, 20, 12, 20, 20, 20]
[1, 2, 3, 4, 5, 0, 8, 7, 6, 20, 9, 10, 11, 20, 20, 20, 12, 20, 20, 20]
[1, 2, 3, 4, 5, 0, 8, 7, 6, 20, 9, 10, 11, 20, 20, 20, 20, 12, 20, 20]
[1, 2, 3, 4, 5, 0, 8, 7, 6, 20, 9, 10, 11, 20, 20, 20, 20, 12, 20, 20]
[1, 2, 3, 4, 5, 0, 8, 7, 6, 20, 9, 10, 12, 20, 20, 20, 11, 20, 20, 20]
[1, 2, 3, 4, 5, 0, 8, 7, 6, 20, 9, 10, 12, 20, 20, 20, 11, 20, 20, 20]
[1, 2, 3, 4, 5, 0, 8, 7, 6, 20, 9, 10, 20, 20, 20, 12, 11, 20, 20, 20]
[1, 2, 3, 4, 5, 0, 8, 7, 6, 20, 9, 10, 20, 20, 20, 12, 11, 20, 20, 20]
[1, 2, 3, 4, 5, 0, 8, 7, 6, 20, 9, 10, 20, 20, 20, 20, 11, 12, 20, 20]
[1, 2, 3, 4, 5, 0, 8, 7, 6, 20, 9, 10, 20, 20, 20, 20, 11, 12, 20, 20]
[1, 2, 3, 4, 5, 0, 8, 7, 6, 20, 9, 10, 12, 20, 20, 20, 20, 11, 20, 20]
[1, 2, 3, 4, 5, 0, 8, 7, 6, 20, 9, 10, 12, 20, 20, 20, 20, 11, 20, 20]
[1, 2, 3, 4, 5, 0, 8, 7, 6, 20, 9, 10, 20, 20, 20, 20, 12, 11, 20, 20]
[1, 2, 3, 4, 5, 0, 8, 7, 6, 20, 9, 10, 20, 20, 20, 20, 12, 11, 20, 20]
[1, 2, 3, 4, 5, 0, 8, 7, 6, 20, 9, 12, 20, 20, 20, 10, 11, 20, 20, 20]
[1, 2, 3, 4, 5, 0, 8, 7, 6, 20, 9, 12, 20, 20, 20, 10, 11, 20, 20, 20]
[1, 2, 3, 4, 5, 0, 8, 7, 6, 20, 9, 20, 12, 20, 20, 10, 11, 20, 20, 20]
[1, 2, 3, 4, 5, 0, 8, 7, 6, 20, 9, 20, 12, 20, 20, 10, 11, 20, 20, 20]
[1, 2, 3, 4, 5, 0, 8, 7, 6, 20, 9, 20, 20, 20, 20, 10, 11, 12, 20, 20]
[1, 2, 3, 4, 5, 0, 8, 7, 6, 20, 9, 20, 20, 20, 20, 10, 11, 12, 20, 20]
[1, 2, 3, 4, 5, 0, 8, 7, 6, 20, 10, 9, 20, 20, 20, 11, 12, 20, 20, 20]
[1, 2, 3, 4, 5, 0, 8, 7, 6, 20, 10, 9, 20, 20, 20, 11, 12, 20, 20, 20]
[1, 2, 3, 4, 5, 0, 8, 7, 6, 20, 20, 9, 10, 11, 12, 20, 20, 20, 20, 20]
[1, 2, 3, 4, 5, 0, 8, 7, 6, 20, 20, 9, 10, 11, 12, 20, 20, 20, 20, 20]
[1, 2, 3, 4, 5, 0, 8, 7, 6, 20, 20, 9, 10, 11, 20, 20, 20, 20, 12, 20]
[1, 2, 3, 4, 5, 0, 8, 7, 6, 20, 20, 9, 10, 11, 20, 20, 20, 20, 12, 20]
[1, 2, 3, 4, 5, 0, 8, 7, 6, 20, 20, 9, 10, 11, 20, 20, 20, 20, 20, 12]
[1, 2, 3, 4, 5, 0, 8, 7, 6, 20, 20, 9, 10, 11, 20, 20, 20, 20, 20, 12]
[1, 2, 3, 4, 5, 0, 8, 7, 6, 20, 20, 9, 10, 20, 20, 12, 11, 20, 20, 20]
[1, 2, 3, 4, 5, 0, 8, 7, 6, 20, 20, 9, 10, 20, 20, 12, 11, 20, 20, 20]
[1, 2, 3, 4, 5, 0, 8, 7, 6, 20, 20, 9, 10, 20, 20, 20, 11, 12, 20, 20]
[1, 2, 3, 4, 5, 0, 8, 7, 6, 20, 20, 9, 10, 20, 20, 20, 11, 12, 20, 20]
[1, 2, 3, 4, 5, 0, 8, 7, 6, 20, 20, 9, 10, 20, 20, 20, 12, 11, 20, 20]
[1, 2, 3, 4, 5, 0, 8, 7, 6, 20, 20, 9, 10, 20, 20, 20, 12, 11, 20, 20]
[1, 2, 3, 4, 5, 0, 8, 7, 6, 20, 20, 9, 11, 12, 20, 20, 10, 20, 20, 20]
[1, 2, 3, 4, 5, 0, 8, 7, 6, 20, 20, 9, 11, 12, 20, 20, 10, 20, 20, 20]
[1, 2, 3, 4, 5, 0, 8, 7, 6, 20, 20, 9, 11, 20, 20, 20, 10, 12, 20, 20]
[1, 2, 3, 4, 5, 0, 8, 7, 6, 20, 20, 9, 11, 20, 20, 20, 10, 12, 20, 20]
[1, 2, 3, 4, 5, 0, 8, 7, 6, 20, 12, 9, 20, 20, 20, 11, 10, 20, 20, 20]
[1, 2, 3, 4, 5, 0, 8, 7, 6, 20, 12, 9, 20, 20, 20, 11, 10, 20, 20, 20]
[1, 2, 3, 4, 5, 0, 8, 7, 6, 20, 20, 9, 12, 20, 20, 20, 10, 11, 20, 20]
[1, 2, 3, 4, 5, 0, 8, 7, 6, 20, 20, 9, 12, 20, 20, 20, 10, 11, 20, 20]
[1, 2, 3, 4, 5, 0, 8, 7, 6, 20, 20, 9, 11, 12, 20, 20, 20, 10, 20, 20]
[1, 2, 3, 4, 5, 0, 8, 7, 6, 20, 20, 9, 11, 12, 20, 20, 20, 10, 20, 20]
[1, 2, 3, 4, 5, 0, 8, 7, 6, 20, 20, 9, 11, 20, 20, 20, 12, 10, 20, 20]
[1, 2, 3, 4, 5, 0, 8, 7, 6, 20, 20, 9, 11, 20, 20, 20, 12, 10, 20, 20]
[1, 2, 3, 4, 5, 0, 8, 7, 6, 20, 20, 9, 12, 20, 20, 20, 11, 10, 20, 20]
[1, 2, 3, 4, 5, 0, 8, 7, 6, 20, 20, 9, 12, 20, 20, 20, 11, 10, 20, 20]
[1, 2, 3, 4, 5, 0, 8, 7, 6, 20, 20, 9, 20, 20, 20, 12, 11, 10, 20, 20]
[1, 2, 3, 4, 5, 0, 8, 7, 6, 20, 20, 9, 20, 20, 20, 12, 11, 10, 20, 20]
[1, 2, 3, 4, 5, 0, 10, 7, 6, 20, 11, 9, 8, 20, 20, 12, 20, 20, 20, 20]
[1, 2, 3, 4, 5, 0, 10, 7, 6, 20, 11, 9, 8, 20, 20, 12, 20, 20, 20, 20]
[1, 2, 3, 4, 5, 0, 20, 7, 6, 20, 10, 9, 8, 20, 20, 11, 12, 20, 20, 20]
[1, 2, 3, 4, 5, 0, 20, 7, 6, 20, 10, 9, 8, 20, 20, 11, 12, 20, 20, 20]
[1, 2, 3, 4, 5, 0, 20, 7, 6, 20, 12, 9, 8, 20, 20, 11, 10, 20, 20, 20]
[1, 2, 3, 4, 5, 0, 20, 7, 6, 20, 12, 9, 8, 20, 20, 11, 10, 20, 20, 20]
[1, 2, 3, 4, 5, 0, 20, 7, 6, 20, 20, 9, 8, 20, 20, 12, 11, 10, 20, 20]
[1, 2, 3, 4, 5, 0, 20, 7, 6, 20, 20, 9, 8, 20, 20, 12, 11, 10, 20, 20]
[1, 2, 3, 4, 5, 0, 20, 7, 6, 20, 20, 20, 8, 9, 10, 20, 20, 20, 11, 12]
[1, 2, 3, 4, 5, 0, 20, 7, 6, 20, 20, 20, 8, 9, 10, 20, 20, 20, 11, 12]
[1, 2, 3, 4, 5, 0, 20, 7, 6, 20, 20, 20, 8, 9, 10, 20, 20, 20, 12, 11]
[1, 2, 3, 4, 5, 0, 20, 7, 6, 20, 20, 20, 8, 9, 10, 20, 20, 20, 12, 11]
[1, 2, 3, 4, 5, 0, 20, 7, 6, 12, 20, 20, 8, 9, 11, 20, 20, 20, 10, 20]
[1, 2, 3, 4, 5, 0, 20, 7, 6, 12, 20, 20, 8, 9, 11, 20, 20, 20, 10, 20]
[1, 2, 3, 4, 5, 0, 20, 7, 6, 20, 20, 20, 8, 9, 11, 20, 20, 20, 10, 12]
[1, 2, 3, 4, 5, 0, 20, 7, 6, 20, 20, 20, 8, 9, 11, 20, 20, 20, 10, 12]
[1, 2, 3, 4, 5, 0, 20, 7, 6, 20, 20, 20, 8, 9, 12, 20, 20, 20, 10, 11]
[1, 2, 3, 4, 5, 0, 20, 7, 6, 20, 20, 20, 8, 9, 12, 20, 20, 20, 10, 11]
[1, 2, 3, 4, 5, 0, 20, 7, 6, 12, 20, 20, 8, 9, 11, 20, 20, 20, 20, 10]
[1, 2, 3, 4, 5, 0, 20, 7, 6, 12, 20, 20, 8, 9, 11, 20, 20, 20, 20, 10]
[1, 2, 3, 4, 5, 0, 20, 7, 6, 20, 20, 20, 8, 9, 11, 20, 20, 20, 12, 10]
[1, 2, 3, 4, 5, 0, 20, 7, 6, 20, 20, 20, 8, 9, 11, 20, 20, 20, 12, 10]
[1, 2, 3, 4, 5, 0, 20, 7, 6, 20, 20, 20, 8, 9, 12, 20, 20, 20, 11, 10]
[1, 2, 3, 4, 5, 0, 20, 7, 6, 20, 20, 20, 8, 9, 12, 20, 20, 20, 11, 10]
[1, 2, 3, 4, 5, 0, 11, 7, 6, 20, 12, 10, 8, 20, 20, 20, 9, 20, 20, 20]
[1, 2, 3, 4, 5, 0, 11, 7, 6, 20, 12, 10, 8, 20, 20, 20, 9, 20, 20, 20]
[1, 2, 3, 4, 5, 0, 12, 7, 6, 20, 11, 10, 8, 20, 20, 20, 9, 20, 20, 20]
[1, 2, 3, 4, 5, 0, 12, 7, 6, 20, 11, 10, 8, 20, 20, 20, 9, 20, 20, 20]
[1, 2, 3, 4, 5, 0, 20, 7, 6, 20, 11, 10, 8, 20, 20, 12, 9, 20, 20, 20]
[1, 2, 3, 4, 5, 0, 20, 7, 6, 20, 11, 10, 8, 20, 20, 12, 9, 20, 20, 20]
[1, 2, 3, 4, 5, 0, 12, 7, 6, 20, 11, 20, 8, 20, 20, 10, 9, 20, 20, 20]
[1, 2, 3, 4, 5, 0, 12, 7, 6, 20, 11, 20, 8, 20, 20, 10, 9, 20, 20, 20]
[1, 2, 3, 4, 5, 0, 20, 7, 6, 20, 11, 12, 8, 20, 20, 10, 9, 20, 20, 20]
[1, 2, 3, 4, 5, 0, 20, 7, 6, 20, 11, 12, 8, 20, 20, 10, 9, 20, 20, 20]
[1, 2, 3, 4, 5, 0, 12, 7, 6, 20, 20, 11, 8, 20, 20, 20, 9, 10, 20, 20]
[1, 2, 3, 4, 5, 0, 12, 7, 6, 20, 20, 11, 8, 20, 20, 20, 9, 10, 20, 20]
[1, 2, 3, 4, 5, 0, 20, 7, 6, 20, 12, 11, 8, 20, 20, 20, 9, 10, 20, 20]
[1, 2, 3, 4, 5, 0, 20, 7, 6, 20, 12, 11, 8, 20, 20, 20, 9, 10, 20, 20]
[1, 2, 3, 4, 5, 0, 11, 7, 6, 20, 12, 10, 8, 20, 20, 20, 20, 9, 20, 20]
[1, 2, 3, 4, 5, 0, 11, 7, 6, 20, 12, 10, 8, 20, 20, 20, 20, 9, 20, 20]
[1, 2, 3, 4, 5, 0, 12, 7, 6, 20, 11, 10, 8, 20, 20, 20, 20, 9, 20, 20]
[1, 2, 3, 4, 5, 0, 12, 7, 6, 20, 11, 10, 8, 20, 20, 20, 20, 9, 20, 20]
[1, 2, 3, 4, 5, 0, 20, 7, 6, 20, 11, 10, 8, 20, 20, 12, 20, 9, 20, 20]
[1, 2, 3, 4, 5, 0, 20, 7, 6, 20, 11, 10, 8, 20, 20, 12, 20, 9, 20, 20]
[1, 2, 3, 4, 5, 0, 20, 7, 6, 20, 20, 10, 8, 20, 20, 12, 11, 9, 20, 20]
[1, 2, 3, 4, 5, 0, 20, 7, 6, 20, 20, 10, 8, 20, 20, 12, 11, 9, 20, 20]
[1, 2, 3, 4, 5, 0, 12, 7, 6, 20, 20, 11, 8, 20, 20, 20, 10, 9, 20, 20]
[1, 2, 3, 4, 5, 0, 12, 7, 6, 20, 20, 11, 8, 20, 20, 20, 10, 9, 20, 20]
[1, 2, 3, 4, 5, 0, 20, 7, 6, 20, 12, 11, 8, 20, 20, 20, 10, 9, 20, 20]
[1, 2, 3, 4, 5, 0, 20, 7, 6, 20, 12, 11, 8, 20, 20, 20, 10, 9, 20, 20]
[1, 2, 3, 4, 5, 0, 20, 7, 6, 20, 12, 20, 8, 20, 20, 11, 10, 9, 20, 20]
[1, 2, 3, 4, 5, 0, 20, 7, 6, 20, 12, 20, 8, 20, 20, 11, 10, 9, 20, 20]
[1, 2, 3, 4, 5, 0, 11, 7, 6, 20, 12, 10, 9, 8, 20, 20, 20, 20, 20, 20]
[1, 2, 3, 4, 5, 0, 11, 7, 6, 20, 12, 10, 9, 8, 20, 20, 20, 20, 20, 20]
[1, 2, 3, 4, 5, 0, 12, 7, 6, 20, 11, 10, 9, 8, 20, 20, 20, 20, 20, 20]
[1, 2, 3, 4, 5, 0, 12, 7, 6, 20, 11, 10, 9, 8, 20, 20, 20, 20, 20, 20]
[1, 2, 3, 4, 5, 0, 20, 7, 6, 20, 11, 10, 9, 8, 20, 12, 20, 20, 20, 20]
[1, 2, 3, 4, 5, 0, 20, 7, 6, 20, 11, 10, 9, 8, 20, 12, 20, 20, 20, 20]
[1, 2, 3, 4, 5, 0, 20, 7, 6, 20, 20, 10, 9, 8, 20, 12, 11, 20, 20, 20]
[1, 2, 3, 4, 5, 0, 20, 7, 6, 20, 20, 10, 9, 8, 20, 12, 11, 20, 20, 20]
[1, 2, 3, 4, 5, 0, 20, 7, 6, 20, 20, 10, 9, 8, 20, 20, 11, 12, 20, 20]
[1, 2, 3, 4, 5, 0, 20, 7, 6, 20, 20, 10, 9, 8, 20, 20, 11, 12, 20, 20]
[1, 2, 3, 4, 5, 0, 20, 7, 6, 20, 20, 10, 9, 8, 20, 20, 12, 11, 20, 20]
[1, 2, 3, 4, 5, 0, 20, 7, 6, 20, 20, 10, 9, 8, 20, 20, 12, 11, 20, 20]
[1, 2, 3, 4, 5, 0, 12, 7, 6, 20, 20, 11, 9, 8, 20, 20, 10, 20, 20, 20]
[1, 2, 3, 4, 5, 0, 12, 7, 6, 20, 20, 11, 9, 8, 20, 20, 10, 20, 20, 20]
[1, 2, 3, 4, 5, 0, 20, 7, 6, 20, 12, 11, 9, 8, 20, 20, 10, 20, 20, 20]
[1, 2, 3, 4, 5, 0, 20, 7, 6, 20, 12, 11, 9, 8, 20, 20, 10, 20, 20, 20]
[1, 2, 3, 4, 5, 0, 20, 7, 6, 20, 20, 11, 9, 8, 20, 20, 10, 12, 20, 20]
[1, 2, 3, 4, 5, 0, 20, 7, 6, 20, 20, 11, 9, 8, 20, 20, 10, 12, 20, 20]
[1, 2, 3, 4, 5, 0, 20, 7, 6, 20, 12, 20, 9, 8, 20, 11, 10, 20, 20, 20]
[1, 2, 3, 4, 5, 0, 20, 7, 6, 20, 12, 20, 9, 8, 20, 11, 10, 20, 20, 20]
[1, 2, 3, 4, 5, 0, 20, 7, 6, 20, 20, 12, 9, 8, 20, 20, 10, 11, 20, 20]
[1, 2, 3, 4, 5, 0, 20, 7, 6, 20, 20, 12, 9, 8, 20, 20, 10, 11, 20, 20]
[1, 2, 3, 4, 5, 0, 12, 7, 6, 20, 20, 11, 9, 8, 20, 20, 20, 10, 20, 20]
[1, 2, 3, 4, 5, 0, 12, 7, 6, 20, 20, 11, 9, 8, 20, 20, 20, 10, 20, 20]
[1, 2, 3, 4, 5, 0, 20, 7, 6, 20, 12, 11, 9, 8, 20, 20, 20, 10, 20, 20]
[1, 2, 3, 4, 5, 0, 20, 7, 6, 20, 12, 11, 9, 8, 20, 20, 20, 10, 20, 20]
[1, 2, 3, 4, 5, 0, 20, 7, 6, 20, 20, 11, 9, 8, 20, 20, 12, 10, 20, 20]
[1, 2, 3, 4, 5, 0, 20, 7, 6, 20, 20, 11, 9, 8, 20, 20, 12, 10, 20, 20]
[1, 2, 3, 4, 5, 0, 20, 7, 6, 20, 20, 12, 9, 8, 20, 20, 11, 10, 20, 20]
[1, 2, 3, 4, 5, 0, 20, 7, 6, 20, 20, 12, 9, 8, 20, 20, 11, 10, 20, 20]
[1, 2, 3, 4, 5, 0, 20, 7, 6, 20, 20, 20, 9, 8, 20, 12, 11, 10, 20, 20]
[1, 2, 3, 4, 5, 0, 20, 7, 6, 20, 20, 20, 9, 8, 20, 12, 11, 10, 20, 20]
[1, 2, 3, 4, 5, 0, 20, 7, 6, 12, 20, 20, 20, 8, 11, 20, 20, 20, 9, 10]
[1, 2, 3, 4, 5, 0, 20, 7, 6, 12, 20, 20, 20, 8, 11, 20, 20, 20, 9, 10]
[1, 2, 3, 4, 5, 0, 20, 7, 6, 12, 20, 20, 20, 8, 11, 20, 20, 20, 10, 9]
[1, 2, 3, 4, 5, 0, 20, 7, 6, 12, 20, 20, 20, 8, 11, 20, 20, 20, 10, 9]
[1, 2, 3, 4, 5, 0, 11, 10, 6, 7, 12, 20, 20, 9, 8, 20, 20, 20, 20, 20]
[1, 2, 3, 4, 5, 0, 11, 10, 6, 7, 12, 20, 20, 9, 8, 20, 20, 20, 20, 20]
[1, 2, 3, 4, 5, 0, 11, 10, 6, 7, 20, 12, 20, 9, 8, 20, 20, 20, 20, 20]
[1, 2, 3, 4, 5, 0, 11, 10, 6, 7, 20, 12, 20, 9, 8, 20, 20, 20, 20, 20]
[1, 2, 3, 4, 5, 0, 20, 10, 6, 7, 20, 12, 11, 9, 8, 20, 20, 20, 20, 20]
[1, 2, 3, 4, 5, 0, 20, 10, 6, 7, 20, 12, 11, 9, 8, 20, 20, 20, 20, 20]
[1, 2, 3, 4, 5, 0, 20, 10, 6, 7, 20, 20, 11, 9, 8, 20, 12, 20, 20, 20]
[1, 2, 3, 4, 5, 0, 20, 10, 6, 7, 20, 20, 11, 9, 8, 20, 12, 20, 20, 20]
[1, 2, 3, 4, 5, 0, 20, 10, 6, 7, 20, 20, 11, 9, 8, 20, 20, 12, 20, 20]
[1, 2, 3, 4, 5, 0, 20, 10, 6, 7, 20, 20, 11, 9, 8, 20, 20, 12, 20, 20]
[1, 2, 3, 4, 5, 0, 12, 11, 6, 7, 20, 20, 10, 9, 8, 20, 20, 20, 20, 20]
[1, 2, 3, 4, 5, 0, 12, 11, 6, 7, 20, 20, 10, 9, 8, 20, 20, 20, 20, 20]
[1, 2, 3, 4, 5, 0, 12, 20, 6, 7, 20, 11, 10, 9, 8, 20, 20, 20, 20, 20]
[1, 2, 3, 4, 5, 0, 12, 20, 6, 7, 20, 11, 10, 9, 8, 20, 20, 20, 20, 20]
[1, 2, 3, 4, 5, 0, 20, 20, 6, 7, 12, 11, 10, 9, 8, 20, 20, 20, 20, 20]
[1, 2, 3, 4, 5, 0, 20, 20, 6, 7, 12, 11, 10, 9, 8, 20, 20, 20, 20, 20]
[1, 2, 3, 4, 5, 0, 20, 20, 6, 7, 20, 11, 10, 9, 8, 20, 12, 20, 20, 20]
[1, 2, 3, 4, 5, 0, 20, 20, 6, 7, 20, 11, 10, 9, 8, 20, 12, 20, 20, 20]
[1, 2, 3, 4, 5, 0, 20, 20, 6, 7, 20, 11, 10, 9, 8, 20, 20, 12, 20, 20]
[1, 2, 3, 4, 5, 0, 20, 20, 6, 7, 20, 11, 10, 9, 8, 20, 20, 12, 20, 20]
[1, 2, 3, 4, 5, 0, 20, 20, 6, 7, 20, 12, 10, 9, 8, 20, 11, 20, 20, 20]
[1, 2, 3, 4, 5, 0, 20, 20, 6, 7, 20, 12, 10, 9, 8, 20, 11, 20, 20, 20]
[1, 2, 3, 4, 5, 0, 20, 20, 6, 7, 20, 20, 10, 9, 8, 12, 11, 20, 20, 20]
[1, 2, 3, 4, 5, 0, 20, 20, 6, 7, 20, 20, 10, 9, 8, 12, 11, 20, 20, 20]
[1, 2, 3, 4, 5, 0, 20, 20, 6, 7, 20, 20, 10, 9, 8, 20, 11, 12, 20, 20]
[1, 2, 3, 4, 5, 0, 20, 20, 6, 7, 20, 20, 10, 9, 8, 20, 11, 12, 20, 20]
[1, 2, 3, 4, 5, 0, 20, 20, 6, 7, 20, 12, 10, 9, 8, 20, 20, 11, 20, 20]
[1, 2, 3, 4, 5, 0, 20, 20, 6, 7, 20, 12, 10, 9, 8, 20, 20, 11, 20, 20]
[1, 2, 3, 4, 5, 0, 20, 20, 6, 7, 20, 20, 10, 9, 8, 20, 12, 11, 20, 20]
[1, 2, 3, 4, 5, 0, 20, 20, 6, 7, 20, 20, 10, 9, 8, 20, 12, 11, 20, 20]
[1, 2, 3, 4, 5, 0, 12, 11, 6, 7, 20, 20, 20, 10, 8, 20, 20, 20, 9, 20]
[1, 2, 3, 4, 5, 0, 12, 11, 6, 7, 20, 20, 20, 10, 8, 20, 20, 20, 9, 20]
[1, 2, 3, 4, 5, 0, 20, 11, 6, 7, 20, 20, 12, 10, 8, 20, 20, 20, 9, 20]
[1, 2, 3, 4, 5, 0, 20, 11, 6, 7, 20, 20, 12, 10, 8, 20, 20, 20, 9, 20]
[1, 2, 3, 4, 5, 0, 20, 12, 6, 7, 20, 20, 11, 10, 8, 20, 20, 20, 9, 20]
[1, 2, 3, 4, 5, 0, 20, 12, 6, 7, 20, 20, 11, 10, 8, 20, 20, 20, 9, 20]
[1, 2, 3, 4, 5, 0, 20, 20, 6, 7, 20, 12, 11, 10, 8, 20, 20, 20, 9, 20]
[1, 2, 3, 4, 5, 0, 20, 20, 6, 7, 20, 12, 11, 10, 8, 20, 20, 20, 9, 20]
[1, 2, 3, 4, 5, 0, 20, 20, 6, 7, 20, 20, 11, 10, 8, 20, 12, 20, 9, 20]
[1, 2, 3, 4, 5, 0, 20, 20, 6, 7, 20, 20, 11, 10, 8, 20, 12, 20, 9, 20]
[1, 2, 3, 4, 5, 0, 20, 20, 6, 7, 20, 20, 11, 10, 8, 20, 20, 12, 9, 20]
[1, 2, 3, 4, 5, 0, 20, 20, 6, 7, 20, 20, 11, 10, 8, 20, 20, 12, 9, 20]
[1, 2, 3, 4, 5, 0, 20, 12, 6, 7, 20, 20, 20, 11, 8, 20, 20, 20, 9, 10]
[1, 2, 3, 4, 5, 0, 20, 12, 6, 7, 20, 20, 20, 11, 8, 20, 20, 20, 9, 10]
[1, 2, 3, 4, 5, 0, 20, 20, 6, 7, 20, 20, 12, 11, 8, 20, 20, 20, 9, 10]
[1, 2, 3, 4, 5, 0, 20, 20, 6, 7, 20, 20, 12, 11, 8, 20, 20, 20, 9, 10]
[1, 2, 3, 4, 5, 0, 12, 11, 6, 7, 20, 20, 20, 10, 8, 20, 20, 20, 20, 9]
[1, 2, 3, 4, 5, 0, 12, 11, 6, 7, 20, 20, 20, 10, 8, 20, 20, 20, 20, 9]
[1, 2, 3, 4, 5, 0, 20, 11, 6, 7, 20, 20, 12, 10, 8, 20, 20, 20, 20, 9]
[1, 2, 3, 4, 5, 0, 20, 11, 6, 7, 20, 20, 12, 10, 8, 20, 20, 20, 20, 9]
[1, 2, 3, 4, 5, 0, 20, 12, 6, 7, 20, 20, 11, 10, 8, 20, 20, 20, 20, 9]
[1, 2, 3, 4, 5, 0, 20, 12, 6, 7, 20, 20, 11, 10, 8, 20, 20, 20, 20, 9]
[1, 2, 3, 4, 5, 0, 20, 20, 6, 7, 20, 12, 11, 10, 8, 20, 20, 20, 20, 9]
[1, 2, 3, 4, 5, 0, 20, 20, 6, 7, 20, 12, 11, 10, 8, 20, 20, 20, 20, 9]
[1, 2, 3, 4, 5, 0, 20, 20, 6, 7, 20, 20, 11, 10, 8, 20, 12, 20, 20, 9]
[1, 2, 3, 4, 5, 0, 20, 20, 6, 7, 20, 20, 11, 10, 8, 20, 12, 20, 20, 9]
[1, 2, 3, 4, 5, 0, 20, 20, 6, 7, 20, 20, 11, 10, 8, 20, 20, 12, 20, 9]
[1, 2, 3, 4, 5, 0, 20, 20, 6, 7, 20, 20, 11, 10, 8, 20, 20, 12, 20, 9]
[1, 2, 3, 4, 5, 0, 20, 12, 6, 7, 20, 20, 20, 11, 8, 20, 20, 20, 10, 9]
[1, 2, 3, 4, 5, 0, 20, 12, 6, 7, 20, 20, 20, 11, 8, 20, 20, 20, 10, 9]
