[1, 2, 3, 4, 5, 0, 8, 7, 6, 20, 9, 10, 11, 12, 13, 20, 20, 20, 14, 15]
[1, 2, 3, 4, 5, 0, 8, 7, 6, 20, 9, 10, 11, 12, 13, 20, 20, 20, 14, 15]
[1, 2, 3, 4, 5, 0, 8, 7, 6, 20, 9, 10, 11, 12, 13, 20, 20, 20, 15, 14]
[1, 2, 3, 4, 5, 0, 8, 7, 6, 20, 9, 10, 11, 12, 13, 20, 20, 20, 15, 14]
[1, 2, 3, 4, 5, 0, 8, 7, 6, 15, 9, 10, 11, 12, 14, 20, 20, 20, 13, 20]
[1, 2, 3, 4, 5, 0, 8, 7, 6, 15, 9, 10, 11, 12, 14, 20, 20, 20, 13, 20]
[1, 2, 3, 4, 5, 0, 8, 7, 6, 20, 9, 10, 11, 12, 14, 20, 20, 20, 13, 15]
[1, 2, 3, 4, 5, 0, 8, 7, 6, 20, 9, 10, 11, 12, 14, 20, 20, 20, 13, 15]
[1, 2, 3, 4, 5, 0, 8, 7, 6, 20, 9, 10, 11, 12, 15, 20, 20, 20, 13, 14]
[1, 2, 3, 4, 5, 0, 8, 7, 6, 20, 9, 10, 11, 12, 15, 20, 20, 20, 13, 14]
[1, 2, 3, 4, 5, 0, 8, 7, 6, 15, 9, 10, 11, 12, 14, 20, 20, 20, 20, 13]
[1, 2, 3, 4, 5, 0, 8, 7, 6, 15, 9, 10, 11, 12, 14, 20, 20, 20, 20, 13]
[1, 2, 3, 4, 5, 0, 8, 7, 6, 20, 9, 10, 11, 12, 14, 20, 20, 20, 15, 13]
[1, 2, 3, 4, 5, 0, 8, 7, 6, 20, 9, 10, 11, 12, 14, 20, 20, 20, 15, 13]
[1, 2, 3, 4, 5, 0, 8, 7, 6, 20, 9, 10, 11, 12, 15, 20, 20, 20, 14, 13]
[1, 2, 3, 4, 5, 0, 8, 7, 6, 20, 9, 10, 11, 12, 15, 20, 20, 20, 14, 13]
[1, 2, 3, 4, 5, 0, 8, 7, 6, 15, 9, 10, 12, 13, 14, 20, 11, 20, 20, 20]
[1, 2, 3, 4, 5, 0, 8, 7, 6, 15, 9, 10, 12, 13, 14, 20, 11, 20, 20, 20]
[1, 2, 3, 4, 5, 0, 8, 7, 6, 20, 9, 10, 12, 13, 14, 20, 11, 20, 15, 20]
[1, 2, 3, 4, 5, 0, 8, 7, 6, 20, 9, 10, 12, 13, 14, 20, 11, 20, 15, 20]
[1, 2, 3, 4, 5, 0, 8, 7, 6, 20, 9, 10, 12, 13, 14, 20, 11, 20, 20, 15]
[1, 2, 3, 4, 5, 0, 8, 7, 6, 20, 9, 10, 12, 13, 14, 20, 11, 20, 20, 15]
[1, 2, 3, 4, 5, 0, 8, 7, 6, 20, 9, 10, 12, 13, 15, 20, 11, 20, 14, 20]
[1, 2, 3, 4, 5, 0, 8, 7, 6, 20, 9, 10, 12, 13, 15, 20, 11, 20, 14, 20]
[1, 2, 3, 4, 5, 0, 8, 7, 6, 20, 9, 10, 12, 13, 20, 20, 11, 20, 14, 15]
[1, 2, 3, 4, 5, 0, 8, 7, 6, 20, 9, 10, 12, 13, 20, 20, 11, 20, 14, 15]
[1, 2, 3, 4, 5, 0, 8, 7, 6, 20, 9, 10, 12, 13, 15, 20, 11, 20, 20, 14]
[1, 2, 3, 4, 5, 0, 8, 7, 6, 20, 9, 10, 12, 13, 15, 20, 11, 20, 20, 14]
[1, 2, 3, 4, 5, 0, 8, 7, 6, 20, 9, 10, 12, 13, 20, 20, 11, 20, 15, 14]
[1, 2, 3, 4, 5, 0, 8, 7, 6, 20, 9, 10, 12, 13, 20, 20, 11, 20, 15, 14]
[1, 2, 3, 4, 5, 0, 8, 7, 6, 20, 9, 10, 13, 14, 15, 20, 11, 12, 20, 20]
[1, 2, 3, 4, 5, 0, 8, 7, 6, 20, 9, 10, 13, 14, 15, 20, 11, 12, 20, 20]
[1, 2, 3, 4, 5, 0, 8, 7, 6, 20, 9, 10, 13, 14, 20, 20, 11, 12, 15, 20]
[1, 2, 3, 4, 5, 0, 8, 7, 6, 20, 9, 10, 13, 14, 20, 20, 11, 12, 15, 20]
[1, 2, 3, 4, 5, 0, 8, 7, 6, 20, 9, 10, 13, 14, 20, 20, 11, 12, 20, 15]
[1, 2, 3, 4, 5, 0, 8, 7, 6, 20, 9, 10, 13, 14, 20, 20, 11, 12, 20, 15]
[1, 2, 3, 4, 5, 0, 8, 7, 6, 15, 9, 10, 12, 13, 14, 20, 20, 11, 20, 20]
[1, 2, 3, 4, 5, 0, 8, 7, 6, 15, 9, 10, 12, 13, 14, 20, 20, 11, 20, 20]
[1, 2, 3, 4, 5, 0, 8, 7, 6, 20, 9, 10, 12, 13, 14, 20, 20, 11, 15, 20]
[1, 2, 3, 4, 5, 0, 8, 7, 6, 20, 9, 10, 12, 13, 14, 20, 20, 11, 15, 20]
[1, 2, 3, 4, 5, 0, 8, 7, 6, 20, 9, 10, 12, 13, 14, 20, 20, 11, 20, 15]
[1, 2, 3, 4, 5, 0, 8, 7, 6, 20, 9, 10, 12, 13, 14, 20, 20, 11, 20, 15]
[1, 2, 3, 4, 5, 0, 8, 7, 6, 20, 9, 10, 12, 13, 15, 20, 20, 11, 14, 20]
[1, 2, 3, 4, 5, 0, 8, 7, 6, 20, 9, 10, 12, 13, 15, 20, 20, 11, 14, 20]
[1, 2, 3, 4, 5, 0, 8, 7, 6, 20, 9, 10, 12, 13, 20, 20, 20, 11, 14, 15]
[1, 2, 3, 4, 5, 0, 8, 7, 6, 20, 9, 10, 12, 13, 20, 20, 20, 11, 14, 15]
[1, 2, 3, 4, 5, 0, 8, 7, 6, 20, 9, 10, 12, 13, 15, 20, 20, 11, 20, 14]
[1, 2, 3, 4, 5, 0, 8, 7, 6, 20, 9, 10, 12, 13, 15, 20, 20, 11, 20, 14]
[1, 2, 3, 4, 5, 0, 8, 7, 6, 20, 9, 10, 12, 13, 20, 20, 20, 11, 15, 14]
[1, 2, 3, 4, 5, 0, 8, 7, 6, 20, 9, 10, 12, 13, 20, 20, 20, 11, 15, 14]
[1, 2, 3, 4, 5, 0, 8, 7, 6, 20, 9, 10, 13, 14, 15, 20, 12, 11, 20, 20]
[1, 2, 3, 4, 5, 0, 8, 7, 6, 20, 9, 10, 13, 14, 15, 20, 12, 11, 20, 20]
[1, 2, 3, 4, 5, 0, 8, 7, 6, 20, 9, 10, 13, 14, 20, 20, 12, 11, 15, 20]
[1, 2, 3, 4, 5, 0, 8, 7, 6, 20, 9, 10, 13, 14, 20, 20, 12, 11, 15, 20]
[1, 2, 3, 4, 5, 0, 8, 7, 6, 20, 9, 10, 13, 14, 20, 20, 12, 11, 20, 15]
[1, 2, 3, 4, 5, 0, 8, 7, 6, 20, 9, 10, 13, 14, 20, 20, 12, 11, 20, 15]
[1, 2, 3, 4, 5, 0, 8, 7, 6, 20, 9, 12, 13, 14, 15, 10, 11, 20, 20, 20]
[1, 2, 3, 4, 5, 0, 8, 7, 6, 20, 9, 12, 13, 14, 15, 10, 11, 20, 20, 20]
[1, 2, 3, 4, 5, 0, 8, 7, 6, 20, 9, 12, 13, 14, 20, 10, 11, 20, 15, 20]
[1, 2, 3, 4, 5, 0, 8, 7, 6, 20, 9, 12, 13, 14, 20, 10, 11, 20, 15, 20]
[1, 2, 3, 4, 5, 0, 8, 7, 6, 20, 9, 12, 13, 14, 20, 10, 11, 20, 20, 15]
[1, 2, 3, 4, 5, 0, 8, 7, 6, 20, 9, 12, 13, 14, 20, 10, 11, 20, 20, 15]
[1, 2, 3, 4, 5, 0, 8, 7, 6, 20, 9, 12, 14, 15, 20, 10, 11, 13, 20, 20]
[1, 2, 3, 4, 5, 0, 8, 7, 6, 20, 9, 12, 14, 15, 20, 10, 11, 13, 20, 20]
[1, 2, 3, 4, 5, 0, 8, 7, 6, 15, 9, 20, 12, 13, 14, 10, 11, 20, 20, 20]
[1, 2, 3, 4, 5, 0, 8, 7, 6, 15, 9, 20, 12, 13, 14, 10, 11, 20, 20, 20]
[1, 2, 3, 4, 5, 0, 8, 7, 6, 20, 9, 20, 12, 13, 14, 10, 11, 20, 15, 20]
[1, 2, 3, 4, 5, 0, 8, 7, 6, 20, 9, 20, 12, 13, 14, 10, 11, 20, 15, 20]
[1, 2, 3, 4, 5, 0, 8, 7, 6, 20, 9, 20, 12, 13, 14, 10, 11, 20, 20, 15]
[1, 2, 3, 4, 5, 0, 8, 7, 6, 20, 9, 20, 12, 13, 14, 10, 11, 20, 20, 15]
[1, 2, 3, 4, 5, 0, 8, 7, 6, 20, 9, 20, 12, 13, 15, 10, 11, 20, 14, 20]
[1, 2, 3, 4, 5, 0, 8, 7, 6, 20, 9, 20, 12, 13, 15, 10, 11, 20, 14, 20]
[1, 2, 3, 4, 5, 0, 8, 7, 6, 20, 9, 20, 12, 13, 20, 10, 11, 20, 14, 15]
[1, 2, 3, 4, 5, 0, 8, 7, 6, 20, 9, 20, 12, 13, 20, 10, 11, 20, 14, 15]
[1, 2, 3, 4, 5, 0, 8, 7, 6, 20, 9, 20, 12, 13, 15, 10, 11, 20, 20, 14]
[1, 2, 3, 4, 5, 0, 8, 7, 6, 20, 9, 20, 12, 13, 15, 10, 11, 20, 20, 14]
[1, 2, 3, 4, 5, 0, 8, 7, 6, 20, 9, 20, 12, 13, 20, 10, 11, 20, 15, 14]
[1, 2, 3, 4, 5, 0, 8, 7, 6, 20, 9, 20, 12, 13, 20, 10, 11, 20, 15, 14]
[1, 2, 3, 4, 5, 0, 8, 7, 6, 20, 9, 13, 14, 15, 20, 10, 11, 12, 20, 20]
[1, 2, 3, 4, 5, 0, 8, 7, 6, 20, 9, 13, 14, 15, 20, 10, 11, 12, 20, 20]
[1, 2, 3, 4, 5, 0, 8, 7, 6, 20, 9, 20, 13, 14, 15, 10, 11, 12, 20, 20]
[1, 2, 3, 4, 5, 0, 8, 7, 6, 20, 9, 20, 13, 14, 15, 10, 11, 12, 20, 20]
[1, 2, 3, 4, 5, 0, 8, 7, 6, 20, 9, 20, 13, 14, 20, 10, 11, 12, 15, 20]
[1, 2, 3, 4, 5, 0, 8, 7, 6, 20, 9, 20, 13, 14, 20, 10, 11, 12, 15, 20]
[1, 2, 3, 4, 5, 0, 8, 7, 6, 20, 9, 20, 13, 14, 20, 10, 11, 12, 20, 15]
[1, 2, 3, 4, 5, 0, 8, 7, 6, 20, 9, 20, 13, 14, 20, 10, 11, 12, 20, 15]
[1, 2, 3, 4, 5, 0, 8, 7, 6, 20, 10, 9, 13, 14, 15, 11, 12, 20, 20, 20]
[1, 2, 3, 4, 5, 0, 8, 7, 6, 20, 10, 9, 13, 14, 15, 11, 12, 20, 20, 20]
[1, 2, 3, 4, 5, 0, 8, 7, 6, 20, 10, 9, 13, 14, 20, 11, 12, 20, 15, 20]
[1, 2, 3, 4, 5, 0, 8, 7, 6, 20, 10, 9, 13, 14, 20, 11, 12, 20, 15, 20]
[1, 2, 3, 4, 5, 0, 8, 7, 6, 20, 10, 9, 13, 14, 20, 11, 12, 20, 20, 15]
[1, 2, 3, 4, 5, 0, 8, 7, 6, 20, 10, 9, 13, 14, 20, 11, 12, 20, 20, 15]
[1, 2, 3, 4, 5, 0, 8, 7, 6, 20, 10, 9, 14, 15, 20, 11, 12, 13, 20, 20]
[1, 2, 3, 4, 5, 0, 8, 7, 6, 20, 10, 9, 14, 15, 20, 11, 12, 13, 20, 20]
[1, 2, 3, 4, 5, 0, 8, 7, 6, 15, 20, 9, 10, 11, 14, 20, 20, 20, 12, 13]
[1, 2, 3, 4, 5, 0, 8, 7, 6, 15, 20, 9, 10, 11, 14, 20, 20, 20, 12, 13]
[1, 2, 3, 4, 5, 0, 8, 7, 6, 15, 20, 9, 10, 11, 14, 20, 20, 20, 13, 12]
[1, 2, 3, 4, 5, 0, 8, 7, 6, 15, 20, 9, 10, 11, 14, 20, 20, 20, 13, 12]
[1, 2, 3, 4, 5, 0, 8, 7, 6, 20, 20, 9, 11, 12, 13, 20, 10, 20, 14, 15]
[1, 2, 3, 4, 5, 0, 8, 7, 6, 20, 20, 9, 11, 12, 13, 20, 10, 20, 14, 15]
[1, 2, 3, 4, 5, 0, 8, 7, 6, 20, 20, 9, 11, 12, 13, 20, 10, 20, 15, 14]
[1, 2, 3, 4, 5, 0, 8, 7, 6, 20, 20, 9, 11, 12, 13, 20, 10, 20, 15, 14]
[1, 2, 3, 4, 5, 0, 8, 7, 6, 15, 20, 9, 11, 12, 14, 20, 10, 20, 13, 20]
[1, 2, 3, 4, 5, 0, 8, 7, 6, 15, 20, 9, 11, 12, 14, 20, 10, 20, 13, 20]
[1, 2, 3, 4, 5, 0, 8, 7, 6, 20, 20, 9, 11, 12, 14, 20, 10, 20, 13, 15]
[1, 2, 3, 4, 5, 0, 8, 7, 6, 20, 20, 9, 11, 12, 14, 20, 10, 20, 13, 15]
[1, 2, 3, 4, 5, 0, 8, 7, 6, 20, 20, 9, 11, 12, 15, 20, 10, 20, 13, 14]
[1, 2, 3, 4, 5, 0, 8, 7, 6, 20, 20, 9, 11, 12, 15, 20, 10, 20, 13, 14]
[1, 2, 3, 4, 5, 0, 8, 7, 6, 15, 20, 9, 11, 12, 14, 20, 10, 20, 20, 13]
[1, 2, 3, 4, 5, 0, 8, 7, 6, 15, 20, 9, 11, 12, 14, 20, 10, 20, 20, 13]
[1, 2, 3, 4, 5, 0, 8, 7, 6, 20, 20, 9, 11, 12, 14, 20, 10, 20, 15, 13]
[1, 2, 3, 4, 5, 0, 8, 7, 6, 20, 20, 9, 11, 12, 14, 20, 10, 20, 15, 13]
[1, 2, 3, 4, 5, 0, 8, 7, 6, 20, 20, 9, 11, 12, 15, 20, 10, 20, 14, 13]
[1, 2, 3, 4, 5, 0, 8, 7, 6, 20, 20, 9, 11, 12, 15, 20, 10, 20, 14, 13]
[1, 2, 3, 4, 5, 0, 8, 7, 6, 15, 20, 9, 12, 13, 14, 20, 10, 11, 20, 20]
[1, 2, 3, 4, 5, 0, 8, 7, 6, 15, 20, 9, 12, 13, 14, 20, 10, 11, 20, 20]
[1, 2, 3, 4, 5, 0, 8, 7, 6, 20, 20, 9, 12, 13, 14, 20, 10, 11, 15, 20]
[1, 2, 3, 4, 5, 0, 8, 7, 6, 20, 20, 9, 12, 13, 14, 20, 10, 11, 15, 20]
[1, 2, 3, 4, 5, 0, 8, 7, 6, 20, 20, 9, 12, 13, 14, 20, 10, 11, 20, 15]
[1, 2, 3, 4, 5, 0, 8, 7, 6, 20, 20, 9, 12, 13, 14, 20, 10, 11, 20, 15]
[1, 2, 3, 4, 5, 0, 8, 7, 6, 20, 20, 9, 12, 13, 15, 20, 10, 11, 14, 20]
[1, 2, 3, 4, 5, 0, 8, 7, 6, 20, 20, 9, 12, 13, 15, 20, 10, 11, 14, 20]
[1, 2, 3, 4, 5, 0, 8, 7, 6, 20, 20, 9, 12, 13, 20, 20, 10, 11, 14, 15]
[1, 2, 3, 4, 5, 0, 8, 7, 6, 20, 20, 9, 12, 13, 20, 20, 10, 11, 14, 15]
[1, 2, 3, 4, 5, 0, 8, 7, 6, 20, 20, 9, 12, 13, 15, 20, 10, 11, 20, 14]
[1, 2, 3, 4, 5, 0, 8, 7, 6, 20, 20, 9, 12, 13, 15, 20, 10, 11, 20, 14]
[1, 2, 3, 4, 5, 0, 8, 7, 6, 20, 20, 9, 12, 13, 20, 20, 10, 11, 15, 14]
[1, 2, 3, 4, 5, 0, 8, 7, 6, 20, 20, 9, 12, 13, 20, 20, 10, 11, 15, 14]
[1, 2, 3, 4, 5, 0, 8, 7, 6, 20, 20, 9, 11, 12, 13, 20, 20, 10, 14, 15]
[1, 2, 3, 4, 5, 0, 8, 7, 6, 20, 20, 9, 11, 12, 13, 20, 20, 10, 14, 15]
[1, 2, 3, 4, 5, 0, 8, 7, 6, 20, 20, 9, 11, 12, 13, 20, 20, 10, 15, 14]
[1, 2, 3, 4, 5, 0, 8, 7, 6, 20, 20, 9, 11, 12, 13, 20, 20, 10, 15, 14]
[1, 2, 3, 4, 5, 0, 8, 7, 6, 15, 20, 9, 11, 12, 14, 20, 20, 10, 13, 20]
[1, 2, 3, 4, 5, 0, 8, 7, 6, 15, 20, 9, 11, 12, 14, 20, 20, 10, 13, 20]
[1, 2, 3, 4, 5, 0, 8, 7, 6, 20, 20, 9, 11, 12, 14, 20, 20, 10, 13, 15]
[1, 2, 3, 4, 5, 0, 8, 7, 6, 20, 20, 9, 11, 12, 14, 20, 20, 10, 13, 15]
[1, 2, 3, 4, 5, 0, 8, 7, 6, 20, 20, 9, 11, 12, 15, 20, 20, 10, 13, 14]
[1, 2, 3, 4, 5, 0, 8, 7, 6, 20, 20, 9, 11, 12, 15, 20, 20, 10, 13, 14]
[1, 2, 3, 4, 5, 0, 8, 7, 6, 15, 20, 9, 11, 12, 14, 20, 20, 10, 20, 13]
[1, 2, 3, 4, 5, 0, 8, 7, 6, 15, 20, 9, 11, 12, 14, 20, 20, 10, 20, 13]
[1, 2, 3, 4, 5, 0, 8, 7, 6, 20, 20, 9, 11, 12, 14, 20, 20, 10, 15, 13]
[1, 2, 3, 4, 5, 0, 8, 7, 6, 20, 20, 9, 11, 12, 14, 20, 20, 10, 15, 13]
[1, 2, 3, 4, 5, 0, 8, 7, 6, 20, 20, 9, 11, 12, 15, 20, 20, 10, 14, 13]
[1, 2, 3, 4, 5, 0, 8, 7, 6, 20, 20, 9, 11, 12, 15, 20, 20, 10, 14, 13]
[1, 2, 3, 4, 5, 0, 8, 7, 6, 15, 20, 9, 12, 13, 14, 20, 11, 10, 20, 20]
[1, 2, 3, 4, 5, 0, 8, 7, 6, 15, 20, 9, 12, 13, 14, 20, 11, 10, 20, 20]
[1, 2, 3, 4, 5, 0, 8, 7, 6, 20, 20, 9, 12, 13, 14, 20, 11, 10, 15, 20]
[1, 2, 3, 4, 5, 0, 8, 7, 6, 20, 20, 9, 12, 13, 14, 20, 11, 10, 15, 20]
[1, 2, 3, 4, 5, 0, 8, 7, 6, 20, 20, 9, 12, 13, 14, 20, 11, 10, 20, 15]
[1, 2, 3, 4, 5, 0, 8, 7, 6, 20, 20, 9, 12, 13, 14, 20, 11, 10, 20, 15]
[1, 2, 3, 4, 5, 0, 8, 7, 6, 20, 20, 9, 12, 13, 15, 20, 11, 10, 14, 20]
[1, 2, 3, 4, 5, 0, 8, 7, 6, 20, 20, 9, 12, 13, 15, 20, 11, 10, 14, 20]
[1, 2, 3, 4, 5, 0, 8, 7, 6, 20, 20, 9, 12, 13, 20, 20, 11, 10, 14, 15]
[1, 2, 3, 4, 5, 0, 8, 7, 6, 20, 20, 9, 12, 13, 20, 20, 11, 10, 14, 15]
[1, 2, 3, 4, 5, 0, 8, 7, 6, 20, 20, 9, 12, 13, 15, 20, 11, 10, 20, 14]
[1, 2, 3, 4, 5, 0, 8, 7, 6, 20, 20, 9, 12, 13, 15, 20, 11, 10, 20, 14]
[1, 2, 3, 4, 5, 0, 8, 7, 6, 20, 20, 9, 12, 13, 20, 20, 11, 10, 15, 14]
[1, 2, 3, 4, 5, 0, 8, 7, 6, 20, 20, 9, 12, 13, 20, 20, 11, 10, 15, 14]
[1, 2, 3, 4, 5, 0, 11, 7, 6, 20, 12, 10, 9, 8, 20, 13, 14, 15, 20, 20]
[1, 2, 3, 4, 5, 0, 11, 7, 6, 20, 12, 10, 9, 8, 20, 13, 14, 15, 20, 20]
[1, 2, 3, 4, 5, 0, 15, 7, 6, 20, 14, 10, 9, 8, 20, 13, 12, 11, 20, 20]
[1, 2, 3, 4, 5, 0, 15, 7, 6, 20, 14, 10, 9, 8, 20, 13, 12, 11, 20, 20]
[1, 2, 3, 4, 5, 0, 13, 7, 6, 20, 12, 14, 9, 8, 20, 11, 10, 15, 20, 20]
[1, 2, 3, 4, 5, 0, 13, 7, 6, 20, 12, 14, 9, 8, 20, 11, 10, 15, 20, 20]
[1, 2, 3, 4, 5, 0, 13, 7, 6, 20, 14, 12, 9, 8, 20, 15, 10, 11, 20, 20]
[1, 2, 3, 4, 5, 0, 13, 7, 6, 20, 14, 12, 9, 8, 20, 15, 10, 11, 20, 20]
[1, 2, 3, 4, 5, 0, 12, 7, 6, 20, 13, 11, 9, 8, 20, 14, 15, 10, 20, 20]
[1, 2, 3, 4, 5, 0, 12, 7, 6, 20, 13, 11, 9, 8, 20, 14, 15, 10, 20, 20]
[1, 2, 3, 4, 5, 0, 15, 7, 6, 20, 14, 11, 9, 8, 20, 13, 12, 10, 20, 20]
[1, 2, 3, 4, 5, 0, 15, 7, 6, 20, 14, 11, 9, 8, 20, 13, 12, 10, 20, 20]
[1, 2, 3, 4, 5, 0, 13, 7, 6, 20, 14, 12, 9, 8, 20, 15, 11, 10, 20, 20]
[1, 2, 3, 4, 5, 0, 13, 7, 6, 20, 14, 12, 9, 8, 20, 15, 11, 10, 20, 20]
[1, 2, 3, 4, 5, 0, 14, 7, 6, 20, 13, 15, 9, 8, 20, 12, 11, 10, 20, 20]
[1, 2, 3, 4, 5, 0, 14, 7, 6, 20, 13, 15, 9, 8, 20, 12, 11, 10, 20, 20]
[1, 2, 3, 4, 5, 0, 15, 7, 6, 20, 13, 14, 9, 8, 20, 12, 11, 10, 20, 20]
[1, 2, 3, 4, 5, 0, 15, 7, 6, 20, 13, 14, 9, 8, 20, 12, 11, 10, 20, 20]
[1, 2, 3, 4, 5, 0, 11, 10, 6, 7, 12, 13, 14, 9, 8, 20, 15, 20, 20, 20]
[1, 2, 3, 4, 5, 0, 11, 10, 6, 7, 12, 13, 14, 9, 8, 20, 15, 20, 20, 20]
[1, 2, 3, 4, 5, 0, 11, 10, 6, 7, 12, 13, 14, 9, 8, 20, 20, 15, 20, 20]
[1, 2, 3, 4, 5, 0, 11, 10, 6, 7, 12, 13, 14, 9, 8, 20, 20, 15, 20, 20]
[1, 2, 3, 4, 5, 0, 11, 10, 6, 7, 12, 13, 15, 9, 8, 20, 14, 20, 20, 20]
[1, 2, 3, 4, 5, 0, 11, 10, 6, 7, 12, 13, 15, 9, 8, 20, 14, 20, 20, 20]
[1, 2, 3, 4, 5, 0, 11, 10, 6, 7, 12, 13, 20, 9, 8, 15, 14, 20, 20, 20]
[1, 2, 3, 4, 5, 0, 11, 10, 6, 7, 12, 13, 20, 9, 8, 15, 14, 20, 20, 20]
[1, 2, 3, 4, 5, 0, 11, 10, 6, 7, 12, 13, 20, 9, 8, 20, 14, 15, 20, 20]
[1, 2, 3, 4, 5, 0, 11, 10, 6, 7, 12, 13, 20, 9, 8, 20, 14, 15, 20, 20]
[1, 2, 3, 4, 5, 0, 11, 10, 6, 7, 12, 13, 15, 9, 8, 20, 20, 14, 20, 20]
[1, 2, 3, 4, 5, 0, 11, 10, 6, 7, 12, 13, 15, 9, 8, 20, 20, 14, 20, 20]
[1, 2, 3, 4, 5, 0, 11, 10, 6, 7, 12, 13, 20, 9, 8, 20, 15, 14, 20, 20]
[1, 2, 3, 4, 5, 0, 11, 10, 6, 7, 12, 13, 20, 9, 8, 20, 15, 14, 20, 20]
[1, 2, 3, 4, 5, 0, 11, 10, 6, 7, 12, 15, 20, 9, 8, 13, 14, 20, 20, 20]
[1, 2, 3, 4, 5, 0, 11, 10, 6, 7, 12, 15, 20, 9, 8, 13, 14, 20, 20, 20]
[1, 2, 3, 4, 5, 0, 11, 10, 6, 7, 12, 20, 15, 9, 8, 13, 14, 20, 20, 20]
[1, 2, 3, 4, 5, 0, 11, 10, 6, 7, 12, 20, 15, 9, 8, 13, 14, 20, 20, 20]
[1, 2, 3, 4, 5, 0, 11, 10, 6, 7, 12, 20, 20, 9, 8, 13, 14, 15, 20, 20]
[1, 2, 3, 4, 5, 0, 11, 10, 6, 7, 12, 20, 20, 9, 8, 13, 14, 15, 20, 20]
[1, 2, 3, 4, 5, 0, 11, 10, 6, 7, 13, 12, 20, 9, 8, 14, 15, 20, 20, 20]
[1, 2, 3, 4, 5, 0, 11, 10, 6, 7, 13, 12, 20, 9, 8, 14, 15, 20, 20, 20]
[1, 2, 3, 4, 5, 0, 11, 10, 6, 7, 20, 12, 13, 9, 8, 15, 14, 20, 20, 20]
[1, 2, 3, 4, 5, 0, 11, 10, 6, 7, 20, 12, 13, 9, 8, 15, 14, 20, 20, 20]
