[20, 7, 20, 20, 20, 20, 20, 1, 2, 5, 20, 8, 3, 4, 0, 10, 9, 20, 6, 20]
[20, 20, 20, 20, 20, 20, 20, 1, 2, 5, 10, 7, 4, 3, 0, 9, 8, 20, 6, 20]
[20, 7, 20, 20, 20, 20, 20, 1, 3, 5, 20, 8, 2, 4, 0, 10, 9, 20, 6, 20]
[20, 20, 20, 7, 20, 20, 20, 1, 4, 5, 20, 8, 2, 3, 0, 10, 9, 20, 6, 20]
[20, 20, 20, 20, 20, 20, 20, 1, 3, 5, 10, 7, 4, 2, 0, 9, 8, 20, 6, 20]
[20, 20, 20, 7, 20, 20, 20, 1, 4, 5, 20, 8, 3, 2, 0, 10, 9, 20, 6, 20]
[20, 20, 20, 7, 20, 20, 20, 2, 1, 5, 20, 8, 3, 4, 0, 10, 9, 20, 6, 20]
[20, 20, 20, 20, 20, 20, 20, 2, 1, 5, 10, 7, 4, 3, 0, 9, 8, 20, 6, 20]
[20, 20, 20, 7, 20, 20, 20, 3, 1, 5, 20, 8, 2, 4, 0, 10, 9, 20, 6, 20]
[20, 20, 20, 7, 20, 20, 20, 4, 1, 5, 20, 8, 2, 3, 0, 10, 9, 20, 6, 20]
[20, 20, 20, 20, 20, 20, 20, 3, 1, 5, 10, 7, 4, 2, 0, 9, 8, 20, 6, 20]
[20, 20, 20, 7, 20, 20, 20, 4, 1, 5, 20, 8, 3, 2, 0, 10, 9, 20, 6, 20]
[20, 20, 20, 20, 20, 20, 20, 2, 3, 5, 10, 7, 1, 4, 0, 9, 8, 20, 6, 20]
[20, 20, 20, 20, 20, 20, 20, 2, 4, 5, 10, 7, 1, 3, 0, 9, 8, 20, 6, 20]
[20, 20, 20, 20, 20, 20, 20, 3, 2, 5, 10, 7, 1, 4, 0, 9, 8, 20, 6, 20]
[20, 20, 20, 20, 20, 20, 20, 4, 2, 5, 10, 7, 1, 3, 0, 9, 8, 20, 6, 20]
[20, 20, 20, 20, 20, 20, 20, 3, 4, 5, 10, 7, 1, 2, 0, 9, 8, 20, 6, 20]
[20, 20, 20, 20, 20, 20, 20, 4, 3, 5, 10, 7, 1, 2, 0, 9, 8, 20, 6, 20]
[20, 20, 20, 20, 20, 20, 20, 2, 3, 5, 10, 7, 4, 1, 0, 9, 8, 20, 6, 20]
[20, 20, 20, 7, 20, 20, 20, 2, 4, 5, 20, 8, 3, 1, 0, 10, 9, 20, 6, 20]
[20, 20, 20, 20, 20, 20, 20, 3, 2, 5, 10, 7, 4, 1, 0, 9, 8, 20, 6, 20]
[20, 7, 20, 20, 20, 20, 20, 4, 2, 5, 20, 8, 3, 1, 0, 10, 9, 20, 6, 20]
[20, 20, 20, 7, 20, 20, 20, 3, 4, 5, 20, 8, 2, 1, 0, 10, 9, 20, 6, 20]
[20, 7, 20, 20, 20, 20, 20, 4, 3, 5, 20, 8, 2, 1, 0, 10, 9, 20, 6, 20]
