[20, 20, 20, 4, 20, 20, 20, 0, 5, 20, 9, 1, 6, 7, 20, 8, 2, 3, 20, 20]
[20, 3, 20, 4, 9, 20, 20, 0, 5, 8, 20, 20, 7, 6, 1, 20, 20, 20, 2, 20]
[20, 20, 20, 2, 3, 20, 20, 0, 6, 20, 20, 1, 5, 7, 8, 9, 4, 20, 20, 20]
[20, 3, 20, 20, 20, 20, 20, 0, 7, 8, 20, 4, 5, 6, 1, 20, 9, 20, 2, 20]
[20, 20, 20, 2, 3, 20, 20, 0, 6, 8, 20, 9, 7, 5, 1, 20, 20, 20, 4, 20]
[20, 20, 20, 20, 20, 20, 20, 0, 7, 8, 20, 2, 6, 5, 1, 9, 3, 20, 4, 20]
[20, 20, 20, 4, 20, 20, 20, 5, 0, 20, 9, 1, 6, 7, 20, 8, 2, 3, 20, 20]
[20, 9, 20, 3, 4, 20, 20, 5, 0, 8, 20, 20, 7, 6, 1, 20, 20, 20, 2, 20]
[20, 20, 20, 2, 3, 20, 20, 6, 0, 20, 20, 1, 5, 7, 8, 9, 4, 20, 20, 20]
[20, 20, 20, 3, 20, 20, 20, 7, 0, 8, 20, 4, 5, 6, 1, 20, 9, 20, 2, 20]
[20, 20, 20, 2, 3, 20, 20, 6, 0, 8, 20, 9, 7, 5, 1, 20, 20, 20, 4, 20]
[20, 20, 20, 20, 20, 20, 20, 7, 0, 8, 20, 2, 6, 5, 1, 9, 3, 20, 4, 20]
[20, 20, 20, 4, 20, 20, 20, 5, 6, 20, 9, 1, 0, 7, 20, 8, 2, 3, 20, 20]
[20, 20, 20, 20, 20, 20, 20, 5, 7, 8, 20, 3, 0, 6, 1, 9, 4, 20, 2, 20]
[20, 20, 20, 4, 20, 20, 20, 6, 5, 20, 9, 1, 0, 7, 20, 8, 2, 3, 20, 20]
[20, 20, 20, 20, 20, 20, 20, 7, 5, 8, 20, 3, 0, 6, 1, 9, 4, 20, 2, 20]
[20, 20, 20, 20, 20, 20, 20, 6, 7, 8, 20, 2, 0, 5, 1, 9, 3, 20, 4, 20]
[20, 20, 20, 20, 20, 20, 20, 7, 6, 8, 20, 2, 0, 5, 1, 9, 3, 20, 4, 20]
[20, 9, 20, 3, 4, 20, 20, 5, 6, 8, 20, 20, 7, 0, 1, 20, 20, 20, 2, 20]
[20, 20, 20, 20, 20, 20, 20, 5, 7, 8, 20, 3, 6, 0, 1, 9, 4, 20, 2, 20]
[20, 3, 20, 4, 9, 20, 20, 6, 5, 8, 20, 20, 7, 0, 1, 20, 20, 20, 2, 20]
[20, 20, 20, 20, 20, 20, 20, 7, 5, 8, 20, 3, 6, 0, 1, 9, 4, 20, 2, 20]
[20, 3, 20, 20, 20, 20, 20, 6, 7, 8, 20, 4, 5, 0, 1, 20, 9, 20, 2, 20]
[20, 20, 20, 3, 20, 20, 20, 7, 6, 8, 20, 4, 5, 0, 1, 20, 9, 20, 2, 20]
