[20, 20, 20, 3, 8, 20, 20, 0, 2, 7, 20, 9, 5, 6, 1, 11, 10, 12, 4, 20]
[20, 20, 20, 3, 20, 20, 20, 0, 2, 11, 9, 1, 6, 5, 10, 7, 4, 8, 12, 20]
[20, 20, 20, 12, 20, 20, 20, 0, 5, 7, 11, 3, 2, 6, 1, 9, 8, 10, 4, 20]
[20, 20, 20, 1, 20, 20, 20, 0, 6, 11, 9, 3, 2, 5, 10, 7, 4, 8, 12, 20]
[20, 20, 20, 12, 20, 20, 20, 0, 5, 4, 11, 1, 6, 2, 3, 9, 8, 10, 7, 20]
[20, 20, 20, 1, 8, 20, 20, 0, 6, 4, 20, 9, 5, 2, 3, 11, 10, 12, 7, 20]
[20, 3, 20, 20, 8, 20, 20, 2, 0, 7, 20, 9, 5, 6, 1, 11, 10, 12, 4, 20]
[20, 3, 20, 20, 20, 20, 20, 2, 0, 11, 9, 1, 6, 5, 10, 7, 4, 8, 12, 20]
[20, 20, 20, 12, 20, 20, 20, 5, 0, 7, 11, 3, 2, 6, 1, 9, 8, 10, 4, 20]
[20, 20, 20, 1, 20, 20, 20, 6, 0, 11, 9, 3, 2, 5, 10, 7, 4, 8, 12, 20]
[20, 20, 20, 12, 20, 20, 20, 5, 0, 4, 11, 1, 6, 2, 3, 9, 8, 10, 7, 20]
[20, 20, 20, 1, 8, 20, 20, 6, 0, 4, 20, 9, 5, 2, 3, 11, 10, 12, 7, 20]
[20, 3, 20, 20, 20, 20, 20, 2, 5, 7, 12, 8, 0, 6, 1, 10, 9, 11, 4, 20]
[20, 3, 20, 4, 20, 20, 20, 2, 6, 12, 10, 1, 0, 5, 11, 8, 7, 9, 20, 20]
[20, 20, 20, 3, 20, 20, 20, 5, 2, 7, 12, 8, 0, 6, 1, 10, 9, 11, 4, 20]
[20, 20, 20, 3, 4, 20, 20, 6, 2, 12, 10, 1, 0, 5, 11, 8, 7, 9, 20, 20]
[20, 20, 20, 12, 20, 20, 20, 5, 6, 4, 11, 1, 0, 2, 3, 9, 8, 10, 7, 20]
[20, 20, 20, 12, 20, 20, 20, 6, 5, 4, 11, 1, 0, 2, 3, 9, 8, 10, 7, 20]
[20, 3, 20, 20, 20, 20, 20, 2, 5, 7, 12, 4, 6, 0, 1, 10, 9, 11, 8, 20]
[20, 3, 20, 4, 20, 20, 20, 2, 6, 7, 20, 9, 5, 0, 1, 11, 10, 12, 8, 20]
[20, 20, 20, 3, 20, 20, 20, 5, 2, 7, 12, 4, 6, 0, 1, 10, 9, 11, 8, 20]
[20, 20, 20, 3, 4, 20, 20, 6, 2, 7, 20, 9, 5, 0, 1, 11, 10, 12, 8, 20]
[20, 20, 20, 12, 20, 20, 20, 5, 6, 10, 9, 3, 2, 0, 1, 7, 4, 8, 11, 20]
[20, 20, 20, 12, 20, 20, 20, 6, 5, 10, 9, 3, 2, 0, 1, 7, 4, 8, 11, 20]
