[20, 8, 20, 1, 3, 20, 20, 10, 9, 5, 20, 0, 13, 11, 6, 12, 2, 4, 7, 20]
[20, 8, 20, 1, 3, 20, 20, 10, 9, 4, 20, 5, 11, 13, 0, 12, 6, 7, 2, 20]
[20, 8, 20, 4, 12, 20, 20, 10, 13, 20, 5, 0, 9, 11, 6, 3, 1, 2, 7, 20]
[20, 20, 20, 6, 7, 20, 20, 10, 11, 8, 12, 1, 9, 13, 0, 5, 3, 4, 2, 20]
[20, 8, 20, 2, 4, 20, 20, 10, 13, 3, 20, 5, 11, 9, 0, 12, 6, 7, 1, 20]
[20, 20, 20, 7, 8, 20, 20, 10, 11, 3, 12, 2, 13, 9, 0, 5, 4, 6, 1, 20]
[20, 1, 3, 8, 20, 20, 5, 9, 10, 20, 20, 0, 13, 11, 6, 12, 2, 4, 7, 20]
[20, 1, 3, 20, 20, 20, 4, 9, 10, 5, 20, 6, 11, 13, 0, 8, 7, 12, 2, 20]
[20, 4, 12, 8, 20, 20, 20, 13, 10, 20, 5, 0, 9, 11, 6, 3, 1, 2, 7, 20]
[20, 6, 7, 8, 20, 20, 20, 11, 10, 20, 12, 1, 9, 13, 0, 5, 3, 4, 2, 20]
[20, 2, 4, 8, 20, 20, 12, 13, 10, 3, 20, 5, 11, 9, 0, 20, 6, 7, 1, 20]
[20, 7, 20, 8, 20, 20, 20, 11, 10, 3, 12, 2, 13, 9, 0, 5, 4, 6, 1, 20]
[20, 1, 3, 0, 2, 20, 5, 9, 13, 4, 20, 8, 10, 11, 6, 20, 12, 20, 7, 20]
[20, 1, 3, 6, 7, 20, 4, 9, 11, 5, 20, 8, 10, 13, 0, 20, 12, 20, 2, 20]
[20, 4, 6, 0, 1, 20, 12, 13, 9, 2, 20, 7, 10, 11, 3, 20, 8, 20, 5, 20]
[20, 6, 7, 1, 3, 20, 20, 11, 9, 4, 20, 5, 10, 13, 0, 12, 8, 20, 2, 20]
[20, 2, 4, 6, 7, 20, 12, 13, 11, 3, 20, 5, 10, 9, 0, 20, 8, 20, 1, 20]
[20, 6, 7, 2, 4, 20, 20, 11, 13, 3, 20, 5, 10, 9, 0, 12, 8, 20, 1, 20]
[20, 1, 3, 0, 2, 20, 5, 9, 13, 4, 20, 6, 11, 10, 20, 8, 7, 12, 20, 20]
[20, 1, 3, 6, 7, 20, 5, 9, 11, 20, 20, 0, 13, 10, 8, 12, 2, 4, 20, 20]
[20, 4, 12, 0, 1, 20, 20, 13, 9, 2, 20, 6, 11, 10, 3, 8, 7, 20, 5, 20]
[20, 6, 7, 1, 3, 20, 20, 11, 9, 5, 20, 0, 13, 10, 8, 12, 2, 4, 20, 20]
[20, 4, 12, 6, 7, 20, 20, 13, 11, 20, 5, 0, 9, 10, 8, 3, 1, 2, 20, 20]
[20, 7, 20, 4, 6, 20, 20, 11, 13, 12, 5, 0, 9, 10, 8, 3, 1, 2, 20, 20]
