[20, 20, 20, 20, 20, 20, 20, 0, 1, 5, 20, 7, 2, 3, 4, 9, 8, 20, 6, 20]
[20, 20, 20, 20, 20, 20, 20, 0, 1, 5, 20, 7, 3, 2, 4, 9, 8, 20, 6, 20]
[20, 20, 20, 20, 20, 20, 20, 0, 2, 5, 20, 7, 1, 3, 4, 9, 8, 20, 6, 20]
[20, 20, 20, 20, 20, 20, 20, 0, 3, 5, 20, 7, 1, 2, 4, 9, 8, 20, 6, 20]
[20, 20, 20, 20, 20, 20, 20, 0, 2, 5, 20, 7, 3, 1, 4, 9, 8, 20, 6, 20]
[20, 20, 20, 20, 20, 20, 20, 0, 3, 5, 20, 7, 2, 1, 4, 9, 8, 20, 6, 20]
[20, 20, 20, 20, 20, 20, 20, 1, 0, 5, 20, 7, 2, 3, 4, 9, 8, 20, 6, 20]
[20, 20, 20, 20, 20, 20, 20, 1, 0, 5, 20, 7, 3, 2, 4, 9, 8, 20, 6, 20]
[20, 20, 20, 20, 20, 20, 20, 2, 0, 5, 20, 7, 1, 3, 4, 9, 8, 20, 6, 20]
[20, 20, 20, 20, 20, 20, 20, 3, 0, 5, 20, 7, 1, 2, 4, 9, 8, 20, 6, 20]
[20, 20, 20, 20, 20, 20, 20, 2, 0, 5, 20, 7, 3, 1, 4, 9, 8, 20, 6, 20]
[20, 20, 20, 20, 20, 20, 20, 3, 0, 5, 20, 7, 2, 1, 4, 9, 8, 20, 6, 20]
[20, 20, 20, 20, 20, 20, 20, 1, 2, 5, 20, 7, 0, 3, 4, 9, 8, 20, 6, 20]
[20, 20, 20, 20, 20, 20, 20, 1, 3, 5, 20, 7, 0, 2, 4, 9, 8, 20, 6, 20]
[20, 20, 20, 20, 20, 20, 20, 2, 1, 5, 20, 7, 0, 3, 4, 9, 8, 20, 6, 20]
[20, 20, 20, 20, 20, 20, 20, 3, 1, 5, 20, 7, 0, 2, 4, 9, 8, 20, 6, 20]
[20, 20, 20, 20, 20, 20, 20, 2, 3, 5, 20, 7, 0, 1, 4, 9, 8, 20, 6, 20]
[20, 20, 20, 20, 20, 20, 20, 3, 2, 5, 20, 7, 0, 1, 4, 9, 8, 20, 6, 20]
[20, 20, 20, 20, 20, 20, 20, 1, 2, 5, 20, 7, 3, 0, 4, 9, 8, 20, 6, 20]
[20, 20, 20, 20, 20, 20, 20, 1, 3, 5, 20, 7, 2, 0, 4, 9, 8, 20, 6, 20]
[20, 20, 20, 20, 20, 20, 20, 2, 1, 5, 20, 7, 3, 0, 4, 9, 8, 20, 6, 20]
[20, 20, 20, 20, 20, 20, 20, 3, 1, 5, 20, 7, 2, 0, 4, 9, 8, 20, 6, 20]
[20, 20, 20, 20, 20, 20, 20, 2, 3, 5, 20, 7, 1, 0, 4, 9, 8, 20, 6, 20]
[20, 20, 20, 20, 20, 20, 20, 3, 2, 5, 20, 7, 1, 0, 4, 9, 8, 20, 6, 20]
