[20, 5, 10, 20, 20, 20, 20, 8, 12, 6, 20, 2, 7, 11, 0, 4, 3, 9, 1, 20]
[20, 10, 20, 20, 20, 6, 9, 8, 12, 20, 20, 0, 11, 7, 2, 4, 1, 5, 3, 20]
[10, 5, 6, 2, 3, 20, 9, 8, 7, 4, 20, 20, 12, 11, 0, 20, 20, 20, 1, 20]
[20, 20, 20, 5, 10, 6, 20, 8, 11, 20, 20, 0, 12, 7, 2, 4, 1, 9, 3, 20]
[9, 20, 20, 2, 3, 6, 20, 8, 7, 4, 20, 5, 11, 12, 0, 20, 10, 20, 1, 20]
[20, 20, 20, 5, 10, 20, 20, 8, 11, 6, 20, 2, 7, 12, 0, 4, 3, 9, 1, 20]
[20, 20, 20, 5, 10, 20, 20, 12, 8, 6, 20, 2, 7, 11, 0, 4, 3, 9, 1, 20]
[20, 20, 20, 10, 20, 6, 9, 12, 8, 20, 20, 0, 11, 7, 2, 4, 1, 5, 3, 20]
[20, 2, 10, 3, 5, 9, 20, 7, 8, 4, 20, 6, 12, 11, 0, 20, 20, 20, 1, 20]
[20, 20, 20, 5, 10, 6, 20, 11, 8, 20, 20, 0, 12, 7, 2, 4, 1, 9, 3, 20]
[20, 2, 9, 3, 20, 6, 20, 7, 8, 4, 20, 5, 11, 12, 0, 20, 10, 20, 1, 20]
[20, 20, 20, 5, 10, 20, 20, 11, 8, 6, 20, 2, 7, 12, 0, 4, 3, 9, 1, 20]
[20, 20, 20, 2, 20, 20, 20, 12, 7, 4, 9, 3, 8, 11, 0, 6, 5, 10, 1, 20]
[20, 20, 20, 0, 1, 20, 20, 12, 11, 4, 20, 5, 8, 7, 2, 9, 6, 10, 3, 20]
[20, 2, 20, 20, 20, 20, 20, 7, 12, 4, 9, 3, 8, 11, 0, 6, 5, 10, 1, 20]
[20, 20, 20, 0, 1, 20, 20, 11, 12, 4, 20, 5, 8, 7, 2, 9, 6, 10, 3, 20]
[20, 2, 20, 20, 20, 20, 20, 7, 11, 4, 9, 3, 8, 12, 0, 6, 5, 10, 1, 20]
[20, 20, 20, 2, 20, 20, 20, 11, 7, 4, 9, 3, 8, 12, 0, 6, 5, 10, 1, 20]
[20, 20, 20, 2, 10, 6, 20, 12, 7, 20, 20, 0, 11, 8, 3, 4, 1, 9, 5, 20]
[20, 20, 6, 0, 1, 20, 20, 12, 11, 4, 20, 2, 7, 8, 3, 20, 9, 10, 5, 20]
[20, 2, 10, 20, 20, 6, 20, 7, 12, 20, 20, 0, 11, 8, 3, 4, 1, 9, 5, 20]
[20, 20, 6, 0, 1, 20, 20, 11, 12, 4, 20, 2, 7, 8, 3, 20, 9, 10, 5, 20]
[20, 2, 20, 10, 20, 6, 20, 7, 11, 20, 20, 0, 12, 8, 3, 4, 1, 9, 5, 20]
[20, 20, 20, 2, 10, 6, 20, 11, 7, 20, 20, 0, 12, 8, 3, 4, 1, 9, 5, 20]
