[20, 2, 5, 4, 20, 0, 7, 6, 3, 20, 1, 9, 8, 10, 11, 12, 20, 20, 20, 20]
[4, 2, 5, 20, 20, 3, 6, 7, 0, 20, 8, 9, 1, 12, 20, 11, 10, 20, 20, 20]
[20, 2, 7, 0, 9, 20, 5, 6, 1, 11, 20, 4, 3, 8, 10, 20, 20, 20, 12, 20]
[4, 2, 6, 8, 20, 3, 5, 7, 0, 20, 10, 9, 1, 11, 20, 20, 12, 20, 20, 20]
[10, 2, 7, 0, 9, 8, 6, 5, 1, 12, 20, 4, 3, 11, 20, 20, 20, 20, 20, 20]
[8, 2, 6, 4, 20, 0, 7, 5, 3, 20, 1, 9, 10, 11, 20, 12, 20, 20, 20, 20]
[20, 5, 2, 4, 20, 0, 7, 6, 3, 20, 1, 9, 8, 10, 11, 12, 20, 20, 20, 20]
[4, 5, 2, 20, 20, 3, 6, 7, 0, 20, 8, 9, 1, 12, 20, 11, 10, 20, 20, 20]
[0, 7, 2, 9, 12, 20, 5, 6, 1, 11, 20, 4, 3, 8, 10, 20, 20, 20, 20, 20]
[4, 6, 2, 8, 20, 3, 5, 7, 0, 20, 10, 9, 1, 11, 20, 20, 12, 20, 20, 20]
[0, 7, 2, 9, 12, 8, 6, 5, 1, 20, 10, 4, 3, 11, 20, 20, 20, 20, 20, 20]
[8, 6, 2, 4, 20, 0, 7, 5, 3, 20, 1, 9, 10, 11, 20, 12, 20, 20, 20, 20]
[20, 20, 8, 2, 5, 10, 20, 0, 7, 6, 20, 9, 1, 4, 3, 20, 12, 20, 11, 20]
[20, 4, 8, 2, 7, 20, 20, 3, 5, 6, 20, 10, 9, 1, 0, 20, 12, 20, 11, 20]
[20, 20, 20, 0, 20, 2, 5, 4, 10, 20, 7, 6, 3, 11, 12, 1, 8, 9, 20, 20]
[20, 20, 4, 3, 20, 2, 5, 10, 11, 20, 6, 7, 0, 12, 20, 8, 1, 9, 20, 20]
[20, 0, 1, 9, 20, 2, 7, 4, 12, 20, 5, 6, 3, 20, 20, 10, 8, 11, 20, 20]
[10, 8, 4, 3, 20, 2, 6, 12, 20, 20, 5, 7, 0, 20, 20, 9, 1, 11, 20, 20]
[20, 0, 1, 8, 10, 2, 7, 4, 9, 20, 6, 5, 3, 11, 12, 20, 20, 20, 20, 20]
[20, 8, 20, 0, 20, 2, 6, 4, 11, 20, 7, 5, 3, 12, 20, 1, 9, 10, 20, 20]
[20, 5, 7, 0, 9, 20, 2, 6, 1, 11, 20, 4, 3, 8, 10, 20, 20, 20, 12, 20]
[20, 5, 6, 3, 4, 8, 2, 7, 0, 20, 10, 9, 1, 11, 20, 20, 12, 20, 20, 20]
[0, 7, 5, 9, 12, 20, 2, 6, 1, 11, 20, 4, 3, 8, 10, 20, 20, 20, 20, 20]
[20, 6, 5, 3, 4, 8, 2, 7, 0, 20, 10, 9, 1, 11, 20, 20, 12, 20, 20, 20]
[20, 20, 20, 0, 20, 5, 2, 4, 10, 20, 7, 6, 3, 11, 12, 1, 8, 9, 20, 20]
[20, 20, 4, 3, 20, 5, 2, 10, 11, 20, 6, 7, 0, 12, 20, 8, 1, 9, 20, 20]
[0, 7, 6, 9, 12, 8, 2, 5, 1, 20, 10, 4, 3, 11, 20, 20, 20, 20, 20, 20]
[10, 6, 7, 0, 9, 8, 2, 5, 1, 12, 20, 4, 3, 11, 20, 20, 20, 20, 20, 20]
[0, 10, 20, 20, 20, 7, 2, 9, 11, 20, 5, 6, 1, 12, 20, 4, 3, 8, 20, 20]
[10, 8, 4, 3, 20, 6, 2, 12, 20, 20, 5, 7, 0, 20, 20, 9, 1, 11, 20, 20]
[0, 10, 20, 8, 20, 7, 2, 9, 12, 20, 6, 5, 1, 20, 20, 4, 3, 11, 20, 20]
[20, 8, 20, 0, 20, 6, 2, 4, 11, 20, 7, 5, 3, 12, 20, 1, 9, 10, 20, 20]
[4, 5, 7, 0, 9, 3, 6, 2, 1, 12, 20, 10, 8, 11, 20, 20, 20, 20, 20, 20]
[20, 5, 6, 3, 4, 0, 7, 2, 8, 20, 1, 9, 10, 11, 20, 12, 20, 20, 20, 20]
[0, 7, 5, 9, 12, 3, 6, 2, 1, 20, 4, 10, 8, 11, 20, 20, 20, 20, 20, 20]
[20, 6, 5, 3, 4, 0, 7, 2, 8, 20, 1, 9, 10, 11, 20, 12, 20, 20, 20, 20]
[0, 7, 6, 9, 12, 3, 5, 2, 1, 20, 4, 10, 8, 11, 20, 20, 20, 20, 20, 20]
[4, 6, 7, 0, 9, 3, 5, 2, 1, 12, 20, 10, 8, 11, 20, 20, 20, 20, 20, 20]
[20, 20, 20, 20, 20, 12, 20, 2, 5, 4, 10, 0, 7, 6, 3, 9, 1, 11, 8, 20]
[20, 20, 20, 20, 20, 4, 20, 2, 5, 12, 11, 3, 6, 7, 0, 9, 8, 10, 1, 20]
[20, 20, 20, 0, 1, 10, 20, 2, 7, 4, 20, 9, 5, 6, 3, 12, 11, 20, 8, 20]
[20, 20, 20, 8, 10, 4, 20, 2, 6, 9, 20, 3, 5, 7, 0, 12, 11, 20, 1, 20]
[20, 20, 20, 0, 1, 10, 20, 2, 7, 4, 20, 8, 6, 5, 3, 12, 11, 20, 9, 20]
[20, 20, 20, 8, 20, 20, 20, 2, 6, 4, 10, 0, 7, 5, 3, 9, 1, 11, 12, 20]
[20, 20, 20, 20, 20, 12, 20, 5, 2, 4, 10, 0, 7, 6, 3, 9, 1, 11, 8, 20]
[20, 20, 20, 20, 20, 4, 20, 5, 2, 12, 11, 3, 6, 7, 0, 9, 8, 10, 1, 20]
[20, 0, 1, 12, 20, 10, 9, 7, 2, 4, 20, 11, 5, 6, 3, 20, 20, 20, 8, 20]
[20, 20, 20, 8, 10, 4, 20, 6, 2, 9, 20, 3, 5, 7, 0, 12, 11, 20, 1, 20]
[20, 0, 1, 12, 20, 10, 9, 7, 2, 4, 20, 8, 6, 5, 3, 20, 20, 20, 11, 20]
[20, 20, 20, 8, 20, 20, 20, 6, 2, 4, 10, 0, 7, 5, 3, 9, 1, 11, 12, 20]
[20, 0, 1, 9, 20, 5, 7, 4, 12, 20, 2, 6, 3, 20, 20, 10, 8, 11, 20, 20]
[4, 3, 10, 8, 20, 5, 6, 12, 20, 20, 2, 7, 0, 20, 20, 9, 1, 11, 20, 20]
[0, 10, 20, 20, 20, 7, 5, 9, 11, 20, 2, 6, 1, 12, 20, 4, 3, 8, 20, 20]
[4, 3, 10, 8, 20, 6, 5, 12, 20, 20, 2, 7, 0, 20, 20, 9, 1, 11, 20, 20]
[0, 10, 20, 8, 20, 7, 6, 9, 12, 20, 2, 5, 1, 20, 20, 4, 3, 11, 20, 20]
[20, 0, 1, 8, 10, 6, 7, 4, 9, 20, 2, 5, 3, 11, 12, 20, 20, 20, 20, 20]
[20, 0, 1, 3, 4, 5, 7, 9, 10, 20, 6, 2, 8, 11, 12, 20, 20, 20, 20, 20]
[4, 3, 20, 0, 20, 5, 6, 11, 12, 20, 7, 2, 8, 20, 20, 1, 9, 10, 20, 20]
[0, 20, 4, 3, 20, 7, 5, 9, 12, 20, 6, 2, 1, 20, 20, 10, 8, 11, 20, 20]
[4, 3, 20, 0, 20, 6, 5, 11, 12, 20, 7, 2, 8, 20, 20, 1, 9, 10, 20, 20]
[0, 20, 4, 3, 20, 7, 6, 9, 12, 20, 5, 2, 1, 20, 20, 10, 8, 11, 20, 20]
[20, 0, 1, 3, 4, 6, 7, 9, 10, 20, 5, 2, 8, 11, 12, 20, 20, 20, 20, 20]
[10, 4, 20, 9, 20, 8, 12, 3, 11, 20, 1, 2, 5, 20, 20, 0, 7, 6, 20, 20]
[20, 20, 20, 12, 20, 8, 20, 0, 1, 11, 4, 2, 7, 9, 10, 3, 5, 6, 20, 20]
[20, 20, 20, 0, 1, 10, 20, 5, 7, 4, 20, 9, 2, 6, 3, 12, 11, 20, 8, 20]
[20, 20, 4, 3, 20, 10, 20, 5, 6, 9, 20, 8, 2, 7, 0, 12, 11, 20, 1, 20]
[20, 0, 1, 12, 20, 10, 9, 7, 5, 4, 20, 11, 2, 6, 3, 20, 20, 20, 8, 20]
[20, 20, 4, 3, 20, 10, 20, 6, 5, 9, 20, 8, 2, 7, 0, 12, 11, 20, 1, 20]
[4, 10, 20, 9, 20, 3, 12, 8, 11, 20, 1, 5, 2, 20, 20, 0, 7, 6, 20, 20]
[20, 0, 1, 12, 20, 10, 9, 7, 6, 4, 20, 8, 2, 5, 3, 20, 20, 20, 11, 20]
[20, 20, 20, 0, 1, 10, 20, 6, 7, 4, 20, 8, 2, 5, 3, 12, 11, 20, 9, 20]
[20, 9, 10, 20, 20, 0, 1, 8, 11, 20, 4, 7, 2, 12, 20, 3, 5, 6, 20, 20]
[20, 20, 20, 0, 1, 4, 20, 5, 7, 9, 20, 3, 6, 2, 8, 12, 11, 20, 10, 20]
[20, 20, 4, 3, 20, 20, 20, 5, 6, 12, 10, 0, 7, 2, 8, 9, 1, 11, 20, 20]
[20, 0, 1, 12, 20, 4, 9, 7, 5, 10, 20, 3, 6, 2, 8, 20, 20, 20, 11, 20]
[20, 20, 4, 3, 20, 20, 20, 6, 5, 12, 10, 0, 7, 2, 8, 9, 1, 11, 20, 20]
[20, 0, 1, 12, 20, 4, 9, 7, 6, 10, 20, 3, 5, 2, 8, 20, 20, 20, 11, 20]
[20, 20, 20, 0, 1, 4, 20, 6, 7, 9, 20, 3, 5, 2, 8, 12, 11, 20, 10, 20]
[20, 9, 12, 4, 20, 20, 20, 1, 3, 0, 20, 10, 8, 2, 5, 20, 11, 20, 6, 7]
[20, 9, 12, 4, 20, 20, 20, 1, 3, 0, 20, 10, 8, 2, 7, 20, 11, 20, 6, 5]
[20, 9, 12, 4, 20, 20, 20, 1, 3, 0, 20, 10, 8, 5, 2, 20, 11, 20, 6, 7]
[20, 20, 20, 9, 4, 20, 20, 0, 1, 3, 20, 10, 8, 7, 2, 12, 11, 20, 6, 5]
[4, 20, 20, 12, 20, 3, 20, 0, 1, 20, 10, 5, 7, 9, 11, 8, 2, 6, 20, 20]
[20, 4, 12, 10, 20, 0, 1, 3, 11, 20, 9, 7, 5, 20, 20, 8, 2, 6, 20, 20]
[20, 9, 12, 4, 20, 20, 20, 1, 3, 0, 20, 10, 8, 5, 7, 20, 11, 20, 6, 2]
[20, 20, 20, 9, 4, 20, 20, 0, 1, 3, 20, 10, 8, 7, 5, 12, 11, 20, 6, 2]
