[20, 8, 20, 9, 7, 20, 20, 3, 4, 1, 20, 20, 5, 6, 0, 20, 20, 20, 2, 20]
[20, 20, 20, 20, 20, 8, 20, 3, 4, 1, 20, 2, 6, 5, 0, 20, 9, 20, 7, 20]
[20, 8, 20, 20, 7, 20, 20, 3, 5, 1, 20, 9, 4, 6, 0, 20, 20, 20, 2, 20]
[20, 20, 20, 20, 20, 8, 20, 3, 6, 1, 20, 2, 4, 5, 0, 20, 9, 20, 7, 20]
[20, 8, 20, 20, 7, 20, 20, 3, 5, 1, 20, 9, 6, 4, 0, 20, 20, 20, 2, 20]
[20, 8, 20, 9, 7, 20, 20, 3, 6, 1, 20, 20, 5, 4, 0, 20, 20, 20, 2, 20]
[20, 9, 20, 8, 7, 20, 20, 4, 3, 1, 20, 20, 5, 6, 0, 20, 20, 20, 2, 20]
[20, 20, 20, 20, 20, 8, 20, 4, 3, 1, 20, 2, 6, 5, 0, 20, 9, 20, 7, 20]
[20, 20, 20, 8, 7, 20, 20, 5, 3, 1, 20, 9, 4, 6, 0, 20, 20, 20, 2, 20]
[20, 20, 20, 20, 20, 8, 20, 6, 3, 1, 20, 2, 4, 5, 0, 20, 9, 20, 7, 20]
[20, 20, 20, 8, 7, 20, 20, 5, 3, 1, 20, 9, 6, 4, 0, 20, 20, 20, 2, 20]
[20, 9, 20, 8, 7, 20, 20, 6, 3, 1, 20, 20, 5, 4, 0, 20, 20, 20, 2, 20]
[20, 20, 20, 20, 20, 20, 20, 4, 5, 1, 20, 7, 3, 6, 0, 20, 8, 9, 2, 20]
[20, 20, 20, 2, 20, 20, 20, 4, 6, 1, 20, 8, 3, 5, 0, 20, 9, 20, 7, 20]
[20, 20, 20, 20, 20, 20, 20, 5, 4, 1, 20, 7, 3, 6, 0, 20, 8, 9, 2, 20]
[20, 20, 20, 2, 20, 20, 20, 6, 4, 1, 20, 8, 3, 5, 0, 20, 9, 20, 7, 20]
[20, 20, 20, 20, 20, 20, 20, 5, 6, 1, 20, 7, 3, 4, 0, 20, 8, 9, 2, 20]
[20, 20, 20, 20, 20, 20, 20, 6, 5, 1, 20, 7, 3, 4, 0, 20, 8, 9, 2, 20]
[20, 20, 20, 20, 20, 20, 20, 4, 5, 9, 20, 0, 6, 3, 1, 7, 2, 8, 20, 20]
[20, 20, 20, 2, 20, 9, 20, 4, 6, 7, 20, 0, 5, 3, 1, 20, 20, 20, 8, 20]
[20, 20, 20, 20, 20, 20, 20, 5, 4, 9, 20, 0, 6, 3, 1, 7, 2, 8, 20, 20]
[20, 20, 20, 2, 20, 9, 20, 6, 4, 7, 20, 0, 5, 3, 1, 20, 20, 20, 8, 20]
[20, 20, 20, 20, 20, 20, 20, 5, 6, 9, 20, 0, 4, 3, 1, 7, 2, 8, 20, 20]
[20, 20, 20, 20, 20, 20, 20, 6, 5, 9, 20, 0, 4, 3, 1, 7, 2, 8, 20, 20]
