[3, 5, 8, 0, 1, 2, 9, 6, 4, 10, 20, 14, 7, 12, 11, 20, 20, 20, 13, 20]
[3, 6, 8, 0, 1, 2, 9, 5, 4, 7, 12, 11, 10, 20, 20, 13, 14, 20, 20, 20]
[20, 5, 8, 0, 1, 7, 6, 9, 2, 3, 13, 12, 11, 10, 4, 14, 20, 20, 20, 20]
[7, 6, 8, 0, 1, 13, 5, 9, 2, 3, 14, 12, 11, 10, 4, 20, 20, 20, 20, 20]
[1, 5, 9, 2, 3, 0, 8, 6, 4, 10, 20, 14, 7, 12, 11, 20, 20, 20, 13, 20]
[1, 6, 9, 2, 3, 0, 8, 5, 4, 7, 12, 11, 10, 20, 20, 13, 14, 20, 20, 20]
[1, 5, 6, 3, 4, 0, 8, 9, 2, 7, 12, 11, 10, 20, 20, 13, 14, 20, 20, 20]
[1, 6, 5, 3, 4, 0, 8, 9, 2, 7, 12, 11, 10, 20, 20, 13, 14, 20, 20, 20]
[1, 0, 3, 2, 14, 5, 8, 4, 13, 20, 9, 6, 7, 20, 20, 10, 11, 12, 20, 20]
[1, 0, 3, 2, 14, 6, 8, 4, 13, 20, 9, 5, 7, 20, 20, 10, 11, 12, 20, 20]
[1, 0, 4, 7, 13, 5, 8, 3, 14, 20, 6, 9, 2, 20, 20, 11, 10, 12, 20, 20]
[1, 0, 4, 13, 14, 6, 8, 3, 7, 20, 5, 9, 2, 20, 20, 11, 10, 12, 20, 20]
[20, 5, 9, 1, 2, 7, 6, 8, 0, 3, 13, 12, 11, 10, 4, 14, 20, 20, 20, 20]
[7, 6, 9, 1, 2, 13, 5, 8, 0, 3, 14, 12, 11, 10, 4, 20, 20, 20, 20, 20]
[3, 5, 6, 1, 4, 2, 9, 8, 0, 7, 10, 11, 12, 13, 14, 20, 20, 20, 20, 20]
[3, 6, 5, 1, 4, 2, 9, 8, 0, 7, 10, 11, 12, 13, 14, 20, 20, 20, 20, 20]
[1, 0, 3, 2, 10, 20, 4, 8, 9, 13, 20, 11, 5, 6, 7, 20, 14, 20, 12, 20]
[1, 0, 3, 2, 10, 13, 4, 8, 9, 12, 14, 7, 6, 5, 11, 20, 20, 20, 20, 20]
[1, 0, 20, 20, 14, 3, 4, 8, 5, 13, 12, 2, 9, 6, 7, 11, 10, 20, 20, 20]
[1, 0, 13, 7, 20, 3, 4, 8, 6, 20, 12, 2, 9, 5, 20, 11, 10, 14, 20, 20]
[1, 0, 20, 11, 4, 20, 20, 8, 5, 3, 14, 7, 6, 9, 2, 13, 12, 20, 10, 20]
[1, 0, 14, 7, 4, 12, 13, 8, 6, 3, 20, 11, 5, 9, 2, 20, 20, 20, 10, 20]
[3, 2, 1, 0, 14, 4, 10, 9, 8, 13, 20, 11, 5, 6, 7, 20, 20, 20, 12, 20]
[3, 2, 1, 0, 20, 4, 10, 9, 8, 12, 13, 7, 6, 5, 11, 14, 20, 20, 20, 20]
[4, 20, 1, 0, 14, 3, 20, 5, 8, 13, 12, 2, 9, 6, 7, 11, 10, 20, 20, 20]
[4, 7, 1, 0, 20, 3, 13, 6, 8, 20, 12, 2, 9, 5, 20, 11, 10, 14, 20, 20]
[20, 11, 1, 0, 4, 20, 20, 5, 8, 3, 14, 7, 6, 9, 2, 13, 12, 20, 10, 20]
[13, 7, 1, 0, 4, 12, 20, 6, 8, 3, 20, 11, 5, 9, 2, 20, 14, 20, 10, 20]
[3, 2, 1, 0, 20, 5, 9, 10, 11, 20, 8, 6, 4, 14, 20, 13, 7, 12, 20, 20]
[3, 2, 1, 0, 20, 6, 9, 7, 10, 20, 8, 5, 4, 13, 14, 12, 11, 20, 20, 20]
[20, 4, 1, 0, 13, 5, 6, 3, 7, 14, 8, 9, 2, 20, 20, 11, 10, 12, 20, 20]
[7, 4, 1, 0, 14, 6, 5, 3, 13, 20, 8, 9, 2, 20, 20, 11, 10, 12, 20, 20]
[3, 2, 20, 7, 10, 5, 9, 1, 4, 11, 6, 8, 0, 20, 20, 12, 13, 14, 20, 20]
[3, 2, 20, 10, 20, 6, 9, 1, 4, 20, 5, 8, 0, 7, 14, 11, 12, 13, 20, 20]
[20, 4, 3, 2, 13, 5, 6, 1, 7, 14, 9, 8, 0, 20, 20, 10, 11, 12, 20, 20]
[7, 4, 3, 2, 14, 6, 5, 1, 13, 20, 9, 8, 0, 20, 20, 10, 11, 12, 20, 20]
[3, 2, 13, 12, 11, 1, 14, 9, 5, 10, 20, 0, 8, 6, 4, 20, 20, 20, 7, 20]
[3, 2, 13, 7, 12, 1, 14, 9, 6, 10, 20, 0, 8, 5, 4, 20, 20, 20, 11, 20]
[20, 4, 3, 2, 10, 1, 11, 5, 9, 13, 20, 0, 8, 6, 7, 20, 14, 20, 12, 20]
[20, 4, 3, 2, 10, 1, 7, 6, 9, 12, 13, 0, 8, 5, 11, 14, 20, 20, 20, 20]
[12, 11, 13, 7, 4, 1, 14, 5, 6, 3, 20, 0, 8, 9, 2, 20, 20, 20, 10, 20]
[20, 7, 12, 11, 4, 1, 13, 6, 5, 3, 14, 0, 8, 9, 2, 20, 20, 20, 10, 20]
[11, 10, 4, 3, 2, 20, 20, 9, 5, 1, 14, 7, 6, 8, 0, 13, 12, 20, 20, 20]
[13, 10, 4, 3, 2, 12, 20, 9, 6, 1, 20, 11, 5, 8, 0, 20, 14, 20, 7, 20]
[20, 10, 4, 3, 2, 20, 11, 5, 9, 1, 14, 7, 6, 8, 0, 13, 12, 20, 20, 20]
[13, 7, 4, 3, 2, 12, 10, 6, 9, 1, 20, 11, 5, 8, 0, 20, 20, 20, 14, 20]
[4, 14, 20, 7, 20, 3, 13, 5, 6, 1, 12, 2, 9, 8, 0, 11, 10, 20, 20, 20]
[4, 7, 14, 13, 20, 3, 20, 6, 5, 1, 12, 2, 9, 8, 0, 11, 10, 20, 20, 20]
