[20, 2, 20, 20, 20, 20, 20, 7, 8, 20, 11, 0, 9, 10, 1, 5, 4, 6, 3, 20]
[6, 2, 20, 20, 20, 20, 20, 7, 8, 4, 20, 1, 10, 9, 0, 11, 5, 20, 3, 20]
[20, 2, 20, 0, 4, 11, 20, 7, 9, 6, 20, 5, 8, 10, 1, 20, 20, 20, 3, 20]
[6, 2, 20, 1, 20, 11, 20, 7, 10, 4, 20, 5, 8, 9, 0, 20, 20, 20, 3, 20]
[20, 2, 11, 0, 6, 20, 20, 7, 9, 4, 20, 1, 10, 8, 3, 20, 20, 20, 5, 20]
[20, 2, 20, 1, 20, 20, 20, 7, 10, 4, 20, 0, 9, 8, 3, 11, 6, 20, 5, 20]
[20, 20, 20, 2, 20, 20, 20, 8, 7, 20, 11, 0, 9, 10, 1, 5, 4, 6, 3, 20]
[20, 20, 6, 2, 20, 20, 20, 8, 7, 4, 20, 1, 10, 9, 0, 11, 5, 20, 3, 20]
[20, 6, 20, 0, 2, 11, 20, 9, 7, 4, 20, 5, 8, 10, 1, 20, 20, 20, 3, 20]
[20, 20, 20, 1, 2, 20, 20, 10, 7, 4, 20, 5, 8, 9, 0, 11, 6, 20, 3, 20]
[20, 6, 11, 0, 2, 20, 20, 9, 7, 4, 20, 1, 10, 8, 3, 20, 20, 20, 5, 20]
[20, 20, 20, 1, 2, 20, 20, 10, 7, 4, 20, 0, 9, 8, 3, 11, 6, 20, 5, 20]
[20, 20, 20, 20, 20, 11, 20, 8, 9, 20, 4, 0, 7, 10, 1, 3, 2, 6, 5, 20]
[20, 20, 20, 5, 20, 20, 20, 8, 10, 11, 4, 1, 7, 9, 0, 3, 2, 6, 20, 20]
[20, 20, 20, 20, 20, 11, 20, 9, 8, 20, 4, 0, 7, 10, 1, 3, 2, 6, 5, 20]
[20, 20, 20, 5, 20, 20, 20, 10, 8, 11, 4, 1, 7, 9, 0, 3, 2, 6, 20, 20]
[20, 20, 20, 20, 20, 6, 11, 9, 10, 4, 20, 0, 7, 8, 3, 20, 1, 2, 5, 20]
[20, 20, 20, 20, 20, 6, 11, 10, 9, 4, 20, 0, 7, 8, 3, 20, 1, 2, 5, 20]
[20, 20, 20, 20, 20, 4, 6, 8, 9, 2, 20, 3, 10, 7, 0, 11, 5, 20, 1, 20]
[20, 20, 20, 20, 20, 20, 20, 8, 10, 2, 11, 3, 9, 7, 0, 5, 4, 6, 1, 20]
[20, 20, 20, 20, 20, 4, 6, 9, 8, 2, 20, 3, 10, 7, 0, 11, 5, 20, 1, 20]
[20, 20, 20, 20, 20, 20, 20, 10, 8, 2, 11, 3, 9, 7, 0, 5, 4, 6, 1, 20]
[20, 20, 20, 20, 20, 4, 6, 9, 10, 2, 20, 3, 8, 7, 0, 11, 5, 20, 1, 20]
[20, 20, 20, 20, 20, 4, 6, 10, 9, 2, 20, 3, 8, 7, 0, 11, 5, 20, 1, 20]
