[20, 20, 20, 11, 20, 20, 20, 0, 7, 10, 4, 1, 8, 9, 6, 3, 2, 5, 12, 20]
[20, 20, 20, 20, 20, 11, 20, 0, 7, 2, 10, 4, 9, 8, 1, 6, 5, 12, 3, 20]
[20, 20, 20, 1, 11, 20, 20, 0, 8, 10, 5, 2, 7, 9, 6, 4, 3, 12, 20, 20]
[20, 20, 20, 6, 20, 5, 10, 0, 9, 2, 11, 4, 7, 8, 1, 20, 12, 20, 3, 20]
[20, 20, 20, 1, 4, 20, 20, 0, 8, 3, 20, 6, 9, 7, 2, 11, 10, 12, 5, 20]
[20, 20, 20, 20, 20, 12, 20, 0, 9, 3, 6, 1, 8, 7, 2, 5, 4, 10, 11, 20]
[20, 20, 20, 11, 20, 20, 20, 7, 0, 10, 4, 1, 8, 9, 6, 3, 2, 5, 12, 20]
[20, 20, 20, 20, 20, 11, 20, 7, 0, 2, 10, 4, 9, 8, 1, 6, 5, 12, 3, 20]
[20, 11, 20, 1, 20, 20, 20, 8, 0, 10, 5, 2, 7, 9, 6, 4, 3, 12, 20, 20]
[20, 20, 20, 6, 20, 5, 10, 9, 0, 2, 11, 4, 7, 8, 1, 20, 12, 20, 3, 20]
[20, 11, 20, 1, 4, 20, 20, 8, 0, 3, 20, 6, 9, 7, 2, 12, 10, 20, 5, 20]
[20, 20, 20, 20, 20, 12, 20, 9, 0, 3, 6, 1, 8, 7, 2, 5, 4, 10, 11, 20]
[20, 20, 20, 11, 20, 20, 20, 7, 8, 10, 4, 1, 0, 9, 6, 3, 2, 5, 12, 20]
[20, 20, 20, 20, 20, 11, 20, 7, 9, 2, 10, 4, 0, 8, 1, 6, 5, 12, 3, 20]
[20, 20, 20, 11, 20, 20, 20, 8, 7, 10, 4, 1, 0, 9, 6, 3, 2, 5, 12, 20]
[20, 20, 20, 20, 20, 11, 20, 9, 7, 2, 10, 4, 0, 8, 1, 6, 5, 12, 3, 20]
[20, 11, 20, 20, 4, 20, 20, 8, 9, 3, 20, 1, 0, 7, 2, 10, 6, 12, 5, 20]
[20, 20, 20, 11, 4, 20, 20, 9, 8, 3, 20, 1, 0, 7, 2, 10, 6, 12, 5, 20]
[20, 20, 20, 4, 11, 20, 20, 7, 8, 2, 20, 5, 9, 0, 1, 10, 6, 12, 3, 20]
[20, 20, 20, 20, 20, 12, 20, 7, 9, 2, 10, 4, 8, 0, 1, 6, 5, 11, 3, 20]
[20, 4, 11, 20, 20, 20, 20, 8, 7, 2, 20, 5, 9, 0, 1, 10, 6, 12, 3, 20]
[20, 20, 20, 20, 20, 12, 20, 9, 7, 2, 10, 4, 8, 0, 1, 6, 5, 11, 3, 20]
[20, 4, 10, 6, 5, 20, 11, 8, 9, 2, 20, 12, 7, 0, 1, 20, 20, 20, 3, 20]
[20, 6, 10, 4, 5, 20, 20, 9, 8, 2, 11, 12, 7, 0, 1, 20, 20, 20, 3, 20]
