[20, 20, 20, 11, 20, 3, 4, 9, 8, 20, 7, 2, 12, 13, 0, 10, 5, 6, 1, 20]
[20, 11, 20, 6, 20, 7, 20, 9, 8, 10, 20, 2, 13, 12, 0, 4, 3, 5, 1, 20]
[20, 5, 20, 20, 20, 3, 4, 12, 8, 20, 11, 2, 9, 13, 0, 7, 6, 10, 1, 20]
[20, 5, 20, 20, 20, 3, 4, 13, 8, 20, 11, 2, 9, 12, 0, 7, 6, 10, 1, 20]
[20, 5, 20, 20, 11, 20, 20, 12, 8, 7, 4, 0, 13, 9, 6, 2, 1, 3, 10, 20]
[20, 5, 20, 20, 11, 20, 20, 13, 8, 7, 4, 0, 12, 9, 6, 2, 1, 3, 10, 20]
[20, 20, 20, 6, 11, 7, 20, 9, 12, 10, 20, 2, 8, 13, 0, 4, 3, 5, 1, 20]
[20, 6, 20, 11, 20, 7, 20, 9, 13, 10, 20, 2, 8, 12, 0, 4, 3, 5, 1, 20]
[20, 20, 20, 6, 11, 7, 20, 12, 9, 10, 20, 2, 8, 13, 0, 4, 3, 5, 1, 20]
[20, 20, 20, 6, 11, 7, 20, 13, 9, 10, 20, 2, 8, 12, 0, 4, 3, 5, 1, 20]
[20, 20, 20, 0, 5, 20, 20, 12, 13, 3, 11, 1, 8, 9, 2, 7, 6, 10, 4, 20]
[20, 20, 20, 0, 5, 20, 20, 13, 12, 3, 11, 1, 8, 9, 2, 7, 6, 10, 4, 20]
[20, 11, 20, 6, 7, 10, 20, 9, 12, 2, 20, 0, 13, 8, 1, 20, 4, 5, 3, 20]
[20, 20, 20, 20, 4, 10, 20, 9, 13, 2, 11, 0, 12, 8, 1, 7, 5, 6, 3, 20]
[20, 11, 20, 6, 7, 10, 20, 12, 9, 2, 20, 0, 13, 8, 1, 20, 4, 5, 3, 20]
[20, 20, 20, 20, 4, 10, 20, 13, 9, 2, 11, 0, 12, 8, 1, 7, 5, 6, 3, 20]
[20, 5, 20, 0, 4, 7, 10, 12, 13, 2, 20, 6, 9, 8, 1, 20, 11, 20, 3, 20]
[20, 5, 20, 0, 4, 7, 10, 13, 12, 2, 20, 6, 9, 8, 1, 20, 11, 20, 3, 20]
