[20, 20, 20, 4, 20, 20, 20, 0, 5, 3, 20, 8, 6, 7, 1, 20, 9, 20, 2, 20]
[20, 20, 20, 20, 20, 8, 9, 0, 5, 3, 20, 2, 7, 6, 1, 20, 20, 20, 4, 20]
[20, 20, 20, 20, 8, 9, 20, 0, 6, 3, 20, 4, 5, 7, 1, 20, 20, 20, 2, 20]
[20, 20, 20, 20, 20, 8, 9, 0, 7, 3, 20, 2, 5, 6, 1, 20, 20, 20, 4, 20]
[20, 20, 20, 9, 8, 20, 20, 0, 6, 3, 20, 1, 7, 5, 2, 20, 20, 20, 4, 20]
[20, 20, 20, 20, 20, 20, 20, 0, 7, 3, 20, 1, 6, 5, 2, 9, 8, 20, 4, 20]
[20, 20, 20, 4, 20, 20, 20, 5, 0, 3, 20, 8, 6, 7, 1, 20, 9, 20, 2, 20]
[20, 20, 20, 20, 20, 8, 9, 5, 0, 3, 20, 2, 7, 6, 1, 20, 20, 20, 4, 20]
[20, 20, 20, 20, 8, 9, 20, 6, 0, 3, 20, 4, 5, 7, 1, 20, 20, 20, 2, 20]
[20, 20, 20, 20, 20, 8, 9, 7, 0, 3, 20, 2, 5, 6, 1, 20, 20, 20, 4, 20]
[20, 9, 20, 20, 8, 20, 20, 6, 0, 3, 20, 1, 7, 5, 2, 20, 20, 20, 4, 20]
[20, 20, 20, 20, 20, 20, 20, 7, 0, 3, 20, 1, 6, 5, 2, 9, 8, 20, 4, 20]
[20, 20, 20, 20, 8, 9, 20, 5, 6, 3, 20, 4, 0, 7, 1, 20, 20, 20, 2, 20]
[20, 20, 9, 2, 8, 20, 20, 5, 7, 3, 20, 20, 0, 6, 1, 20, 20, 20, 4, 20]
[20, 20, 20, 20, 8, 9, 20, 6, 5, 3, 20, 4, 0, 7, 1, 20, 20, 20, 2, 20]
[20, 20, 9, 2, 8, 20, 20, 7, 5, 3, 20, 20, 0, 6, 1, 20, 20, 20, 4, 20]
[20, 9, 20, 1, 8, 20, 20, 6, 7, 3, 20, 20, 0, 5, 2, 20, 20, 20, 4, 20]
[20, 20, 20, 1, 8, 20, 20, 7, 6, 3, 20, 9, 0, 5, 2, 20, 20, 20, 4, 20]
[20, 20, 20, 9, 20, 20, 20, 5, 6, 20, 8, 1, 7, 0, 20, 3, 2, 4, 20, 20]
[20, 20, 20, 2, 20, 20, 20, 5, 7, 8, 20, 1, 6, 0, 3, 20, 9, 20, 4, 20]
[20, 20, 20, 9, 20, 20, 20, 6, 5, 20, 8, 1, 7, 0, 20, 3, 2, 4, 20, 20]
[20, 20, 20, 2, 20, 20, 20, 7, 5, 8, 20, 1, 6, 0, 3, 20, 9, 20, 4, 20]
[20, 20, 20, 1, 20, 9, 20, 6, 7, 8, 20, 2, 5, 0, 3, 20, 20, 20, 4, 20]
[20, 20, 20, 1, 20, 9, 20, 7, 6, 8, 20, 2, 5, 0, 3, 20, 20, 20, 4, 20]
