[20, 4, 20, 0, 6, 7, 20, 8, 10, 2, 20, 5, 11, 9, 1, 20, 20, 20, 3, 20]
[20, 4, 20, 0, 6, 20, 20, 8, 10, 20, 20, 1, 9, 11, 5, 7, 2, 3, 20, 20]
[20, 4, 20, 20, 20, 20, 20, 8, 11, 2, 20, 0, 10, 9, 1, 7, 5, 6, 3, 20]
[20, 4, 20, 6, 20, 20, 20, 8, 9, 20, 7, 0, 10, 11, 5, 2, 1, 3, 20, 20]
[20, 20, 20, 20, 20, 7, 20, 8, 11, 20, 5, 2, 9, 10, 0, 4, 3, 6, 1, 20]
[20, 4, 20, 2, 3, 7, 20, 8, 9, 6, 20, 5, 11, 10, 0, 20, 20, 20, 1, 20]
[20, 0, 20, 4, 6, 7, 20, 10, 8, 2, 20, 5, 11, 9, 1, 20, 20, 20, 3, 20]
[20, 0, 20, 4, 6, 20, 20, 10, 8, 20, 20, 1, 9, 11, 5, 7, 2, 3, 20, 20]
[20, 20, 20, 4, 20, 20, 20, 11, 8, 2, 20, 0, 10, 9, 1, 7, 5, 6, 3, 20]
[20, 20, 20, 4, 6, 20, 20, 9, 8, 20, 7, 0, 10, 11, 5, 2, 1, 3, 20, 20]
[20, 20, 20, 20, 20, 7, 20, 11, 8, 20, 5, 2, 9, 10, 0, 4, 3, 6, 1, 20]
[20, 2, 20, 3, 4, 7, 20, 9, 8, 6, 20, 5, 11, 10, 0, 20, 20, 20, 1, 20]
[20, 0, 20, 20, 20, 5, 20, 10, 11, 2, 20, 4, 8, 9, 1, 7, 6, 20, 3, 20]
[20, 0, 20, 7, 20, 2, 20, 10, 9, 20, 5, 1, 8, 11, 20, 4, 3, 6, 20, 20]
[20, 20, 20, 0, 20, 5, 20, 11, 10, 2, 20, 4, 8, 9, 1, 7, 6, 20, 3, 20]
[20, 20, 20, 0, 20, 2, 7, 9, 10, 20, 5, 1, 8, 11, 20, 4, 3, 6, 20, 20]
[20, 20, 20, 2, 20, 20, 20, 11, 9, 20, 7, 3, 8, 10, 0, 5, 4, 6, 1, 20]
[20, 2, 20, 20, 20, 20, 20, 9, 11, 20, 7, 3, 8, 10, 0, 5, 4, 6, 1, 20]
[20, 0, 20, 20, 20, 5, 20, 10, 11, 2, 20, 4, 9, 8, 1, 7, 6, 20, 3, 20]
[20, 0, 20, 6, 20, 20, 20, 10, 9, 2, 20, 4, 11, 8, 1, 7, 5, 20, 3, 20]
[20, 20, 20, 0, 20, 5, 20, 11, 10, 2, 20, 4, 9, 8, 1, 7, 6, 20, 3, 20]
[20, 20, 20, 0, 6, 20, 20, 9, 10, 2, 20, 4, 11, 8, 1, 7, 5, 20, 3, 20]
[20, 20, 20, 20, 20, 20, 20, 11, 9, 2, 7, 0, 10, 8, 1, 5, 4, 6, 3, 20]
[20, 20, 20, 20, 20, 20, 20, 9, 11, 2, 7, 0, 10, 8, 1, 5, 4, 6, 3, 20]
