[20, 0, 1, 12, 20, 20, 2, 8, 9, 20, 7, 3, 10, 11, 20, 5, 4, 6, 20, 20]
[20, 0, 1, 5, 20, 20, 2, 8, 9, 20, 20, 6, 11, 10, 3, 12, 7, 20, 4, 20]
[20, 0, 1, 12, 20, 20, 2, 8, 10, 20, 7, 3, 9, 11, 20, 5, 4, 6, 20, 20]
[20, 0, 1, 20, 20, 20, 2, 8, 11, 20, 20, 5, 9, 10, 3, 7, 6, 12, 4, 20]
[20, 0, 1, 5, 20, 20, 2, 8, 10, 20, 20, 6, 11, 9, 3, 12, 7, 20, 4, 20]
[20, 0, 1, 20, 20, 20, 2, 8, 11, 20, 20, 5, 10, 9, 3, 7, 6, 12, 4, 20]
[20, 20, 20, 0, 1, 12, 20, 9, 8, 2, 7, 3, 10, 11, 20, 5, 4, 6, 20, 20]
[20, 5, 20, 0, 1, 20, 20, 9, 8, 2, 20, 6, 11, 10, 3, 12, 7, 20, 4, 20]
[20, 20, 20, 0, 1, 12, 20, 10, 8, 2, 7, 3, 9, 11, 20, 5, 4, 6, 20, 20]
[20, 20, 20, 0, 1, 20, 20, 11, 8, 2, 20, 5, 9, 10, 3, 7, 6, 12, 4, 20]
[20, 5, 20, 0, 1, 20, 20, 10, 8, 2, 20, 6, 11, 9, 3, 12, 7, 20, 4, 20]
[20, 20, 20, 0, 1, 20, 20, 11, 8, 2, 20, 5, 10, 9, 3, 7, 6, 12, 4, 20]
[20, 20, 20, 3, 4, 20, 20, 9, 10, 5, 20, 0, 8, 11, 6, 12, 1, 2, 7, 20]
[20, 5, 20, 6, 7, 20, 20, 9, 11, 12, 20, 0, 8, 10, 3, 20, 1, 2, 4, 20]
[20, 12, 20, 3, 4, 20, 20, 10, 9, 5, 20, 0, 8, 11, 6, 20, 1, 2, 7, 20]
[20, 7, 20, 5, 6, 20, 20, 11, 9, 12, 20, 0, 8, 10, 3, 20, 1, 2, 4, 20]
[20, 5, 12, 6, 7, 20, 20, 10, 11, 20, 20, 0, 8, 9, 3, 20, 1, 2, 4, 20]
[20, 20, 12, 5, 6, 20, 20, 11, 10, 7, 20, 0, 8, 9, 3, 20, 1, 2, 4, 20]
[20, 5, 20, 3, 4, 20, 20, 9, 10, 2, 20, 6, 11, 8, 0, 12, 7, 20, 1, 20]
[20, 20, 20, 12, 20, 20, 20, 9, 11, 2, 7, 3, 10, 8, 0, 5, 4, 6, 1, 20]
[20, 5, 20, 3, 4, 20, 20, 10, 9, 2, 20, 6, 11, 8, 0, 12, 7, 20, 1, 20]
[20, 20, 20, 12, 20, 20, 20, 11, 9, 2, 7, 3, 10, 8, 0, 5, 4, 6, 1, 20]
[20, 20, 20, 12, 20, 20, 20, 10, 11, 2, 7, 3, 9, 8, 0, 5, 4, 6, 1, 20]
[20, 20, 20, 12, 20, 20, 20, 11, 10, 2, 7, 3, 9, 8, 0, 5, 4, 6, 1, 20]
