[2, 5, 8, 7, 10, 1, 9, 4, 11, 20, 0, 6, 3, 13, 20, 20, 12, 14, 20, 20]
[12, 10, 8, 7, 20, 6, 9, 5, 11, 20, 0, 1, 2, 14, 20, 4, 3, 13, 20, 20]
[10, 20, 8, 7, 20, 5, 11, 9, 0, 20, 20, 2, 1, 6, 12, 4, 3, 13, 14, 20]
[20, 14, 8, 7, 20, 10, 11, 9, 0, 4, 20, 5, 6, 1, 2, 20, 12, 13, 3, 20]
[11, 10, 8, 9, 1, 20, 13, 7, 0, 6, 12, 14, 4, 3, 2, 20, 20, 20, 5, 20]
[10, 20, 7, 8, 20, 5, 11, 0, 9, 20, 20, 2, 1, 6, 12, 4, 3, 13, 14, 20]
[20, 20, 7, 8, 14, 10, 11, 0, 9, 4, 20, 5, 6, 1, 2, 20, 12, 13, 3, 20]
[2, 5, 7, 8, 10, 1, 0, 4, 11, 20, 9, 6, 3, 13, 20, 20, 12, 14, 20, 20]
[12, 10, 7, 8, 14, 6, 0, 5, 11, 20, 9, 1, 2, 20, 20, 4, 3, 13, 20, 20]
[2, 1, 9, 8, 3, 5, 6, 0, 7, 4, 12, 11, 10, 13, 14, 20, 20, 20, 20, 20]
[5, 6, 9, 8, 10, 2, 1, 0, 7, 11, 3, 4, 12, 20, 20, 13, 14, 20, 20, 20]
[2, 1, 9, 8, 13, 3, 0, 6, 10, 14, 7, 4, 5, 11, 12, 20, 20, 20, 20, 20]
[12, 6, 9, 8, 5, 10, 0, 1, 2, 11, 7, 4, 3, 13, 14, 20, 20, 20, 20, 20]
[20, 13, 14, 4, 10, 12, 8, 7, 5, 11, 3, 9, 0, 20, 20, 2, 1, 6, 20, 20]
[11, 14, 5, 2, 3, 10, 8, 9, 1, 4, 20, 7, 0, 6, 12, 20, 20, 20, 13, 20]
[20, 14, 20, 12, 13, 20, 8, 9, 6, 4, 20, 7, 0, 1, 2, 10, 5, 11, 3, 20]
[20, 14, 20, 4, 10, 13, 7, 8, 5, 11, 3, 0, 9, 12, 20, 2, 1, 6, 20, 20]
[2, 5, 14, 4, 13, 1, 9, 8, 3, 20, 6, 0, 7, 10, 11, 12, 20, 20, 20, 20]
[14, 12, 5, 2, 11, 6, 9, 8, 10, 20, 1, 0, 7, 13, 20, 3, 4, 20, 20, 20]
[2, 1, 0, 7, 3, 5, 6, 9, 8, 4, 13, 11, 10, 12, 14, 20, 20, 20, 20, 20]
[5, 6, 0, 7, 10, 2, 1, 9, 8, 11, 3, 4, 12, 14, 20, 13, 20, 20, 20, 20]
[2, 1, 0, 7, 20, 3, 9, 6, 10, 20, 8, 4, 5, 11, 12, 13, 14, 20, 20, 20]
[12, 6, 0, 7, 5, 10, 9, 1, 2, 11, 8, 4, 3, 13, 20, 14, 20, 20, 20, 20]
[11, 20, 5, 2, 3, 10, 7, 0, 1, 4, 20, 8, 9, 6, 12, 20, 14, 20, 13, 20]
[20, 20, 20, 12, 20, 13, 7, 0, 6, 4, 14, 8, 9, 1, 2, 10, 5, 11, 3, 20]
[2, 1, 6, 4, 20, 5, 9, 0, 3, 20, 12, 8, 7, 10, 11, 20, 13, 14, 20, 20]
[20, 6, 1, 2, 4, 12, 9, 0, 3, 20, 5, 8, 7, 10, 11, 20, 13, 14, 20, 20]
[2, 5, 20, 4, 20, 1, 0, 7, 3, 20, 6, 9, 8, 10, 11, 14, 12, 13, 20, 20]
[14, 20, 5, 2, 11, 6, 0, 7, 10, 20, 1, 9, 8, 13, 20, 3, 4, 12, 20, 20]
[2, 1, 6, 4, 20, 5, 0, 9, 3, 12, 20, 7, 8, 10, 11, 20, 13, 14, 20, 20]
[12, 6, 1, 2, 4, 20, 0, 9, 3, 20, 5, 7, 8, 10, 11, 20, 13, 14, 20, 20]
