[20, 1, 2, 20, 20, 20, 20, 0, 6, 9, 20, 4, 7, 8, 3, 10, 5, 11, 20, 20]
[20, 1, 2, 20, 20, 20, 20, 0, 6, 9, 20, 3, 8, 7, 4, 11, 10, 20, 5, 20]
[20, 1, 2, 4, 20, 20, 20, 0, 7, 9, 20, 5, 6, 8, 3, 20, 11, 20, 10, 20]
[20, 1, 2, 3, 20, 20, 20, 0, 8, 9, 20, 10, 6, 7, 4, 20, 11, 20, 5, 20]
[20, 1, 2, 4, 20, 9, 20, 0, 7, 10, 20, 3, 8, 6, 5, 20, 20, 20, 11, 20]
[20, 1, 2, 3, 20, 20, 20, 0, 8, 10, 20, 4, 7, 6, 5, 11, 9, 20, 20, 20]
[20, 20, 20, 1, 2, 20, 20, 6, 0, 9, 20, 4, 7, 8, 3, 10, 5, 11, 20, 20]
[20, 20, 20, 1, 2, 20, 20, 6, 0, 9, 20, 3, 8, 7, 4, 11, 10, 20, 5, 20]
[20, 20, 20, 1, 2, 20, 20, 7, 0, 4, 20, 5, 6, 8, 3, 11, 10, 20, 9, 20]
[20, 20, 9, 1, 2, 20, 20, 8, 0, 3, 20, 10, 6, 7, 4, 20, 11, 20, 5, 20]
[20, 20, 20, 1, 2, 9, 20, 7, 0, 4, 20, 3, 8, 6, 5, 20, 11, 20, 10, 20]
[20, 20, 20, 1, 2, 20, 20, 8, 0, 3, 20, 4, 7, 6, 5, 11, 9, 20, 10, 20]
[20, 20, 20, 5, 20, 20, 20, 6, 7, 20, 11, 1, 0, 8, 3, 9, 2, 4, 10, 20]
[20, 20, 20, 20, 20, 10, 20, 6, 8, 20, 11, 1, 0, 7, 4, 9, 2, 3, 5, 20]
[20, 20, 20, 5, 20, 20, 20, 7, 6, 20, 11, 1, 0, 8, 3, 9, 2, 4, 10, 20]
[20, 20, 20, 20, 20, 10, 20, 8, 6, 20, 11, 1, 0, 7, 4, 9, 2, 3, 5, 20]
[20, 4, 20, 20, 20, 20, 20, 7, 8, 10, 11, 1, 0, 6, 5, 9, 2, 3, 20, 20]
[20, 20, 20, 4, 20, 20, 20, 8, 7, 10, 11, 1, 0, 6, 5, 9, 2, 3, 20, 20]
[20, 20, 20, 4, 5, 20, 20, 6, 7, 9, 20, 3, 8, 0, 1, 11, 10, 20, 2, 20]
[20, 20, 20, 3, 20, 20, 20, 6, 8, 9, 20, 4, 7, 0, 1, 10, 5, 11, 2, 20]
[20, 4, 20, 5, 20, 20, 20, 7, 6, 9, 20, 3, 8, 0, 1, 11, 10, 20, 2, 20]
[20, 3, 20, 20, 20, 20, 20, 8, 6, 9, 20, 4, 7, 0, 1, 10, 5, 11, 2, 20]
[20, 4, 20, 3, 20, 20, 20, 7, 8, 9, 20, 5, 6, 0, 1, 11, 10, 20, 2, 20]
[20, 3, 20, 4, 20, 20, 20, 8, 7, 9, 20, 5, 6, 0, 1, 11, 10, 20, 2, 20]
