[20, 12, 1, 10, 13, 4, 8, 2, 3, 20, 6, 7, 0, 5, 20, 11, 9, 20, 20, 20]
[20, 12, 1, 9, 10, 4, 8, 2, 3, 13, 7, 6, 0, 5, 20, 20, 11, 20, 20, 20]
[11, 12, 1, 10, 13, 6, 8, 2, 3, 20, 4, 7, 0, 5, 20, 20, 9, 20, 20, 20]
[9, 12, 1, 10, 13, 7, 8, 2, 3, 20, 4, 6, 0, 5, 20, 20, 11, 20, 20, 20]
[11, 12, 1, 0, 5, 6, 8, 2, 10, 13, 7, 4, 3, 20, 20, 9, 20, 20, 20, 20]
[9, 12, 1, 0, 5, 7, 8, 2, 10, 13, 6, 4, 3, 20, 20, 11, 20, 20, 20, 20]
[20, 12, 2, 10, 13, 4, 8, 1, 3, 20, 6, 7, 0, 5, 20, 11, 9, 20, 20, 20]
[20, 12, 2, 9, 10, 4, 8, 1, 3, 13, 7, 6, 0, 5, 20, 20, 11, 20, 20, 20]
[11, 12, 2, 10, 13, 6, 8, 1, 3, 20, 4, 7, 0, 5, 20, 20, 9, 20, 20, 20]
[9, 12, 2, 10, 13, 7, 8, 1, 3, 20, 4, 6, 0, 5, 20, 20, 11, 20, 20, 20]
[20, 12, 2, 0, 5, 6, 8, 1, 10, 13, 7, 4, 3, 11, 20, 9, 20, 20, 20, 20]
[20, 12, 2, 0, 5, 7, 8, 1, 9, 20, 6, 4, 3, 10, 13, 11, 20, 20, 20, 20]
[20, 1, 12, 10, 13, 4, 8, 2, 3, 20, 6, 7, 0, 5, 20, 11, 9, 20, 20, 20]
[20, 1, 12, 9, 10, 4, 8, 2, 3, 13, 7, 6, 0, 5, 20, 20, 11, 20, 20, 20]
[11, 1, 12, 10, 13, 6, 8, 2, 3, 20, 4, 7, 0, 5, 20, 20, 9, 20, 20, 20]
[9, 1, 12, 10, 13, 7, 8, 2, 3, 20, 4, 6, 0, 5, 20, 20, 11, 20, 20, 20]
[11, 1, 12, 0, 5, 6, 8, 2, 10, 13, 7, 4, 3, 20, 20, 9, 20, 20, 20, 20]
[9, 1, 12, 0, 5, 7, 8, 2, 10, 13, 6, 4, 3, 20, 20, 11, 20, 20, 20, 20]
[20, 2, 12, 10, 13, 4, 8, 1, 3, 20, 6, 7, 0, 5, 20, 11, 9, 20, 20, 20]
[20, 2, 12, 9, 10, 4, 8, 1, 3, 13, 7, 6, 0, 5, 20, 20, 11, 20, 20, 20]
[11, 2, 12, 10, 13, 6, 8, 1, 3, 20, 4, 7, 0, 5, 20, 20, 9, 20, 20, 20]
[9, 2, 12, 10, 13, 7, 8, 1, 3, 20, 4, 6, 0, 5, 20, 20, 11, 20, 20, 20]
[20, 2, 12, 0, 5, 6, 8, 1, 10, 13, 7, 4, 3, 11, 20, 9, 20, 20, 20, 20]
[20, 2, 12, 0, 5, 7, 8, 1, 9, 20, 6, 4, 3, 10, 13, 11, 20, 20, 20, 20]
[11, 4, 6, 5, 20, 12, 8, 7, 0, 20, 1, 2, 3, 10, 13, 9, 20, 20, 20, 20]
[11, 4, 7, 5, 20, 12, 8, 6, 0, 20, 1, 2, 3, 10, 13, 9, 20, 20, 20, 20]
[11, 6, 4, 5, 20, 12, 8, 7, 0, 20, 1, 2, 3, 10, 13, 9, 20, 20, 20, 20]
[11, 7, 4, 5, 20, 12, 8, 6, 0, 20, 1, 2, 3, 10, 13, 9, 20, 20, 20, 20]
[11, 6, 7, 0, 5, 12, 8, 4, 10, 20, 1, 2, 3, 20, 20, 9, 13, 20, 20, 20]
[11, 7, 6, 0, 5, 12, 8, 4, 10, 20, 1, 2, 3, 20, 20, 9, 13, 20, 20, 20]
[20, 4, 6, 5, 20, 12, 8, 7, 0, 20, 2, 1, 3, 10, 13, 20, 9, 11, 20, 20]
[20, 4, 7, 5, 20, 12, 8, 6, 0, 20, 2, 1, 3, 10, 13, 20, 9, 11, 20, 20]
[20, 6, 4, 5, 20, 12, 8, 7, 0, 20, 2, 1, 3, 10, 13, 20, 9, 11, 20, 20]
[20, 7, 4, 5, 20, 12, 8, 6, 0, 20, 2, 1, 3, 10, 13, 20, 9, 11, 20, 20]
[20, 6, 7, 0, 5, 12, 8, 4, 10, 20, 2, 1, 3, 20, 20, 13, 9, 11, 20, 20]
[20, 7, 6, 0, 5, 12, 8, 4, 10, 20, 2, 1, 3, 20, 20, 13, 9, 11, 20, 20]
[20, 1, 2, 10, 13, 4, 8, 12, 3, 20, 6, 7, 0, 5, 20, 11, 9, 20, 20, 20]
[20, 1, 2, 9, 10, 4, 8, 12, 3, 13, 7, 6, 0, 5, 20, 20, 11, 20, 20, 20]
[11, 1, 2, 10, 13, 6, 8, 12, 3, 20, 4, 7, 0, 5, 20, 20, 9, 20, 20, 20]
[9, 1, 2, 10, 13, 7, 8, 12, 3, 20, 4, 6, 0, 5, 20, 20, 11, 20, 20, 20]
[20, 1, 2, 0, 5, 6, 8, 12, 10, 13, 7, 4, 3, 11, 20, 9, 20, 20, 20, 20]
[9, 1, 2, 0, 5, 7, 8, 12, 10, 13, 6, 4, 3, 20, 20, 11, 20, 20, 20, 20]
[20, 2, 1, 10, 13, 4, 8, 12, 3, 20, 6, 7, 0, 5, 20, 11, 9, 20, 20, 20]
[20, 2, 1, 9, 10, 4, 8, 12, 3, 13, 7, 6, 0, 5, 20, 20, 11, 20, 20, 20]
[11, 2, 1, 10, 13, 6, 8, 12, 3, 20, 4, 7, 0, 5, 20, 20, 9, 20, 20, 20]
[9, 2, 1, 10, 13, 7, 8, 12, 3, 20, 4, 6, 0, 5, 20, 20, 11, 20, 20, 20]
[20, 2, 1, 0, 5, 6, 8, 12, 10, 13, 7, 4, 3, 11, 20, 9, 20, 20, 20, 20]
[9, 2, 1, 0, 5, 7, 8, 12, 10, 13, 6, 4, 3, 20, 20, 11, 20, 20, 20, 20]
[20, 4, 6, 5, 20, 1, 8, 7, 0, 20, 12, 2, 3, 9, 20, 11, 10, 13, 20, 20]
[9, 4, 7, 5, 20, 1, 8, 6, 0, 20, 12, 2, 3, 10, 13, 11, 20, 20, 20, 20]
[20, 6, 4, 5, 20, 1, 8, 7, 0, 20, 12, 2, 3, 9, 20, 11, 10, 13, 20, 20]
[9, 7, 4, 5, 20, 1, 8, 6, 0, 20, 12, 2, 3, 10, 13, 11, 20, 20, 20, 20]
[9, 6, 7, 0, 5, 1, 8, 4, 10, 20, 12, 2, 3, 20, 20, 11, 13, 20, 20, 20]
[9, 7, 6, 0, 5, 1, 8, 4, 10, 20, 12, 2, 3, 20, 20, 11, 13, 20, 20, 20]
[20, 4, 6, 5, 20, 2, 8, 7, 0, 20, 12, 1, 3, 10, 13, 20, 9, 11, 20, 20]
[20, 4, 7, 5, 20, 2, 8, 6, 0, 20, 12, 1, 3, 10, 13, 20, 9, 11, 20, 20]
[20, 6, 4, 5, 20, 2, 8, 7, 0, 20, 12, 1, 3, 10, 13, 20, 9, 11, 20, 20]
[20, 7, 4, 5, 20, 2, 8, 6, 0, 20, 12, 1, 3, 10, 13, 20, 9, 11, 20, 20]
[20, 6, 7, 0, 5, 2, 8, 4, 10, 13, 12, 1, 3, 20, 20, 20, 9, 11, 20, 20]
[20, 7, 6, 0, 5, 2, 8, 4, 10, 13, 12, 1, 3, 20, 20, 20, 9, 11, 20, 20]
[20, 4, 6, 5, 20, 1, 8, 7, 0, 20, 2, 12, 3, 9, 20, 13, 10, 11, 20, 20]
[9, 4, 7, 5, 20, 1, 8, 6, 0, 20, 2, 12, 3, 10, 13, 20, 11, 20, 20, 20]
[20, 6, 4, 5, 20, 1, 8, 7, 0, 20, 2, 12, 3, 9, 20, 13, 10, 11, 20, 20]
[9, 7, 4, 5, 20, 1, 8, 6, 0, 20, 2, 12, 3, 10, 13, 20, 11, 20, 20, 20]
[9, 6, 7, 0, 5, 1, 8, 4, 10, 20, 2, 12, 3, 20, 20, 13, 11, 20, 20, 20]
[9, 7, 6, 0, 5, 1, 8, 4, 10, 20, 2, 12, 3, 20, 20, 13, 11, 20, 20, 20]
[20, 4, 6, 5, 20, 2, 8, 7, 0, 20, 1, 12, 3, 10, 13, 9, 11, 20, 20, 20]
[20, 4, 7, 5, 20, 2, 8, 6, 0, 20, 1, 12, 3, 10, 13, 9, 11, 20, 20, 20]
[20, 6, 4, 5, 20, 2, 8, 7, 0, 20, 1, 12, 3, 10, 13, 9, 11, 20, 20, 20]
[20, 7, 4, 5, 20, 2, 8, 6, 0, 20, 1, 12, 3, 10, 13, 9, 11, 20, 20, 20]
[20, 6, 7, 0, 5, 2, 8, 4, 10, 13, 1, 12, 3, 20, 20, 9, 11, 20, 20, 20]
[20, 7, 6, 0, 5, 2, 8, 4, 10, 13, 1, 12, 3, 20, 20, 9, 11, 20, 20, 20]
[20, 12, 1, 9, 10, 13, 2, 8, 4, 3, 20, 11, 6, 7, 0, 20, 20, 20, 5, 20]
[20, 12, 1, 11, 10, 13, 2, 8, 4, 3, 20, 9, 7, 6, 0, 20, 20, 20, 5, 20]
[11, 12, 1, 9, 10, 13, 2, 8, 6, 3, 20, 20, 4, 7, 0, 20, 20, 20, 5, 20]
[11, 12, 1, 9, 10, 13, 2, 8, 7, 3, 20, 20, 4, 6, 0, 20, 20, 20, 5, 20]
[20, 12, 1, 11, 13, 5, 2, 8, 6, 10, 20, 0, 7, 4, 3, 20, 9, 20, 20, 20]
[20, 12, 1, 9, 13, 5, 2, 8, 7, 10, 20, 0, 6, 4, 3, 20, 11, 20, 20, 20]
[20, 12, 2, 13, 10, 9, 1, 8, 4, 3, 20, 11, 6, 7, 0, 20, 20, 20, 5, 20]
[20, 12, 2, 13, 10, 11, 1, 8, 4, 3, 20, 9, 7, 6, 0, 20, 20, 20, 5, 20]
[20, 12, 2, 11, 10, 9, 1, 8, 6, 3, 20, 13, 4, 7, 0, 20, 20, 20, 5, 20]
[20, 12, 2, 9, 10, 11, 1, 8, 7, 3, 20, 13, 4, 6, 0, 20, 20, 20, 5, 20]
[20, 12, 2, 11, 13, 5, 1, 8, 6, 10, 20, 0, 7, 4, 3, 20, 9, 20, 20, 20]
[20, 12, 2, 9, 13, 5, 1, 8, 7, 10, 20, 0, 6, 4, 3, 20, 11, 20, 20, 20]
[9, 1, 12, 20, 10, 13, 2, 8, 4, 3, 20, 11, 6, 7, 0, 20, 20, 20, 5, 20]
[20, 1, 12, 11, 10, 13, 2, 8, 4, 3, 20, 9, 7, 6, 0, 20, 20, 20, 5, 20]
[9, 1, 12, 11, 10, 13, 2, 8, 6, 3, 20, 20, 4, 7, 0, 20, 20, 20, 5, 20]
[11, 1, 12, 9, 10, 13, 2, 8, 7, 3, 20, 20, 4, 6, 0, 20, 20, 20, 5, 20]
[20, 1, 12, 11, 13, 5, 2, 8, 6, 10, 20, 0, 7, 4, 3, 20, 9, 20, 20, 20]
[20, 1, 12, 9, 13, 5, 2, 8, 7, 10, 20, 0, 6, 4, 3, 20, 11, 20, 20, 20]
[20, 2, 12, 13, 10, 9, 1, 8, 4, 3, 20, 11, 6, 7, 0, 20, 20, 20, 5, 20]
[20, 2, 12, 13, 10, 11, 1, 8, 4, 3, 20, 9, 7, 6, 0, 20, 20, 20, 5, 20]
[13, 2, 12, 11, 10, 9, 1, 8, 6, 3, 20, 20, 4, 7, 0, 20, 20, 20, 5, 20]
[13, 2, 12, 9, 10, 11, 1, 8, 7, 3, 20, 20, 4, 6, 0, 20, 20, 20, 5, 20]
[20, 2, 12, 11, 13, 5, 1, 8, 6, 10, 20, 0, 7, 4, 3, 20, 9, 20, 20, 20]
[20, 2, 12, 9, 13, 5, 1, 8, 7, 10, 20, 0, 6, 4, 3, 20, 11, 20, 20, 20]
[9, 1, 2, 13, 10, 20, 12, 8, 4, 3, 20, 11, 6, 7, 0, 20, 20, 20, 5, 20]
[20, 1, 2, 13, 10, 11, 12, 8, 4, 3, 20, 9, 7, 6, 0, 20, 20, 20, 5, 20]
[9, 1, 2, 11, 10, 20, 12, 8, 6, 3, 20, 13, 4, 7, 0, 20, 20, 20, 5, 20]
[20, 1, 2, 9, 10, 11, 12, 8, 7, 3, 20, 13, 4, 6, 0, 20, 20, 20, 5, 20]
[20, 1, 2, 11, 13, 5, 12, 8, 6, 10, 20, 0, 7, 4, 3, 20, 9, 20, 20, 20]
[20, 1, 2, 9, 13, 5, 12, 8, 7, 10, 20, 0, 6, 4, 3, 20, 11, 20, 20, 20]
[13, 2, 1, 9, 10, 20, 12, 8, 4, 3, 20, 11, 6, 7, 0, 20, 20, 20, 5, 20]
[20, 2, 1, 13, 10, 11, 12, 8, 4, 3, 20, 9, 7, 6, 0, 20, 20, 20, 5, 20]
[13, 2, 1, 9, 10, 11, 12, 8, 6, 3, 20, 20, 4, 7, 0, 20, 20, 20, 5, 20]
[13, 2, 1, 9, 10, 11, 12, 8, 7, 3, 20, 20, 4, 6, 0, 20, 20, 20, 5, 20]
[20, 2, 1, 11, 13, 5, 12, 8, 6, 10, 20, 0, 7, 4, 3, 20, 9, 20, 20, 20]
[20, 2, 1, 9, 13, 5, 12, 8, 7, 10, 20, 0, 6, 4, 3, 20, 11, 20, 20, 20]
[5, 4, 6, 20, 20, 0, 7, 8, 12, 10, 20, 9, 1, 2, 3, 20, 11, 20, 13, 20]
[5, 4, 7, 20, 20, 0, 6, 8, 12, 10, 20, 9, 1, 2, 3, 20, 11, 20, 13, 20]
[5, 6, 4, 20, 20, 0, 7, 8, 12, 10, 20, 9, 1, 2, 3, 20, 11, 20, 13, 20]
[5, 7, 4, 20, 20, 0, 6, 8, 12, 10, 20, 9, 1, 2, 3, 20, 11, 20, 13, 20]
[20, 6, 7, 0, 5, 20, 4, 8, 12, 10, 20, 9, 1, 2, 3, 20, 11, 20, 13, 20]
[20, 7, 6, 0, 5, 20, 4, 8, 12, 10, 20, 9, 1, 2, 3, 20, 11, 20, 13, 20]
[5, 4, 6, 11, 20, 0, 7, 8, 12, 10, 20, 13, 2, 1, 3, 20, 20, 20, 9, 20]
[5, 4, 7, 11, 20, 0, 6, 8, 12, 10, 20, 13, 2, 1, 3, 20, 20, 20, 9, 20]
[5, 6, 4, 11, 20, 0, 7, 8, 12, 10, 20, 13, 2, 1, 3, 20, 20, 20, 9, 20]
[5, 7, 4, 11, 20, 0, 6, 8, 12, 10, 20, 13, 2, 1, 3, 20, 20, 20, 9, 20]
[11, 6, 7, 0, 5, 20, 4, 8, 12, 10, 20, 13, 2, 1, 3, 20, 20, 20, 9, 20]
[20, 7, 6, 0, 5, 20, 4, 8, 12, 10, 20, 11, 2, 1, 3, 20, 13, 20, 9, 20]
[5, 4, 6, 9, 20, 0, 7, 8, 1, 10, 20, 11, 12, 2, 3, 20, 20, 20, 13, 20]
[5, 4, 7, 9, 20, 0, 6, 8, 1, 10, 20, 11, 12, 2, 3, 20, 20, 20, 13, 20]
[5, 6, 4, 9, 20, 0, 7, 8, 1, 10, 20, 11, 12, 2, 3, 20, 20, 20, 13, 20]
[5, 7, 4, 9, 20, 0, 6, 8, 1, 10, 20, 11, 12, 2, 3, 20, 20, 20, 13, 20]
[20, 6, 7, 0, 5, 20, 4, 8, 1, 9, 20, 11, 12, 2, 3, 20, 13, 20, 10, 20]
[20, 7, 6, 0, 5, 20, 4, 8, 1, 9, 20, 11, 12, 2, 3, 20, 13, 20, 10, 20]
[5, 4, 6, 20, 13, 0, 7, 8, 2, 10, 20, 11, 12, 1, 3, 20, 20, 20, 9, 20]
[5, 4, 7, 20, 13, 0, 6, 8, 2, 10, 20, 11, 12, 1, 3, 20, 20, 20, 9, 20]
[5, 6, 4, 20, 13, 0, 7, 8, 2, 10, 20, 11, 12, 1, 3, 20, 20, 20, 9, 20]
[5, 7, 4, 20, 13, 0, 6, 8, 2, 10, 20, 11, 12, 1, 3, 20, 20, 20, 9, 20]
[20, 6, 7, 0, 5, 20, 4, 8, 2, 10, 20, 11, 12, 1, 3, 20, 13, 20, 9, 20]
[20, 7, 6, 0, 5, 20, 4, 8, 2, 10, 20, 11, 12, 1, 3, 20, 13, 20, 9, 20]
[5, 4, 6, 9, 20, 0, 7, 8, 1, 10, 20, 13, 2, 12, 3, 20, 20, 20, 11, 20]
[5, 4, 7, 9, 20, 0, 6, 8, 1, 10, 20, 13, 2, 12, 3, 20, 20, 20, 11, 20]
[5, 6, 4, 9, 20, 0, 7, 8, 1, 10, 20, 13, 2, 12, 3, 20, 20, 20, 11, 20]
[5, 7, 4, 9, 20, 0, 6, 8, 1, 10, 20, 13, 2, 12, 3, 20, 20, 20, 11, 20]
[11, 6, 7, 0, 5, 20, 4, 8, 1, 9, 20, 13, 2, 12, 3, 20, 20, 20, 10, 20]
[20, 7, 6, 0, 5, 20, 4, 8, 1, 9, 20, 11, 2, 12, 3, 20, 13, 20, 10, 20]
[5, 4, 6, 20, 13, 0, 7, 8, 2, 10, 20, 9, 1, 12, 3, 20, 20, 20, 11, 20]
[5, 4, 7, 20, 13, 0, 6, 8, 2, 10, 20, 9, 1, 12, 3, 20, 20, 20, 11, 20]
[5, 6, 4, 20, 13, 0, 7, 8, 2, 10, 20, 9, 1, 12, 3, 20, 20, 20, 11, 20]
[5, 7, 4, 20, 13, 0, 6, 8, 2, 10, 20, 9, 1, 12, 3, 20, 20, 20, 11, 20]
[20, 6, 7, 0, 5, 20, 4, 8, 2, 10, 20, 9, 1, 12, 3, 20, 13, 20, 11, 20]
[20, 7, 6, 0, 5, 20, 4, 8, 2, 10, 20, 9, 1, 12, 3, 20, 13, 20, 11, 20]
[20, 20, 20, 12, 1, 20, 20, 4, 8, 2, 13, 5, 6, 7, 0, 10, 9, 11, 3, 20]
[20, 20, 11, 12, 1, 20, 20, 4, 8, 2, 13, 5, 7, 6, 0, 10, 9, 20, 3, 20]
[20, 11, 20, 12, 1, 20, 20, 6, 8, 2, 13, 5, 4, 7, 0, 10, 9, 20, 3, 20]
[20, 9, 11, 12, 1, 20, 20, 7, 8, 2, 20, 5, 4, 6, 0, 13, 10, 20, 3, 20]
[20, 11, 20, 12, 1, 5, 20, 6, 8, 2, 20, 0, 7, 4, 3, 13, 9, 20, 10, 20]
[20, 9, 20, 12, 1, 5, 20, 7, 8, 2, 20, 0, 6, 4, 3, 13, 11, 20, 10, 20]
[20, 20, 9, 1, 12, 20, 20, 4, 8, 2, 20, 5, 6, 7, 0, 13, 10, 11, 3, 20]
[20, 20, 11, 1, 12, 20, 20, 4, 8, 2, 13, 5, 7, 6, 0, 10, 9, 20, 3, 20]
[20, 11, 9, 1, 12, 20, 20, 6, 8, 2, 20, 5, 4, 7, 0, 13, 10, 20, 3, 20]
[20, 9, 11, 1, 12, 20, 20, 7, 8, 2, 20, 5, 4, 6, 0, 13, 10, 20, 3, 20]
[20, 11, 20, 1, 12, 5, 20, 6, 8, 2, 20, 0, 7, 4, 3, 13, 9, 20, 10, 20]
[20, 9, 20, 1, 12, 5, 20, 7, 8, 2, 20, 0, 6, 4, 3, 13, 11, 20, 10, 20]
[20, 20, 20, 2, 12, 20, 20, 4, 8, 1, 13, 5, 6, 7, 0, 10, 9, 11, 3, 20]
[20, 20, 20, 2, 12, 20, 20, 4, 8, 1, 13, 5, 7, 6, 0, 10, 9, 11, 3, 20]
[20, 11, 20, 2, 12, 20, 20, 6, 8, 1, 13, 5, 4, 7, 0, 10, 9, 20, 3, 20]
[20, 9, 20, 2, 12, 20, 20, 7, 8, 1, 20, 5, 4, 6, 0, 11, 10, 13, 3, 20]
[20, 11, 13, 2, 12, 5, 20, 6, 8, 1, 20, 0, 7, 4, 3, 20, 9, 20, 10, 20]
[20, 9, 13, 2, 12, 5, 20, 7, 8, 1, 20, 0, 6, 4, 3, 20, 11, 20, 10, 20]
[20, 20, 20, 6, 4, 20, 20, 12, 8, 7, 13, 5, 1, 2, 0, 10, 9, 11, 3, 20]
[20, 20, 20, 7, 4, 20, 20, 12, 8, 6, 13, 5, 1, 2, 0, 10, 9, 11, 3, 20]
[20, 11, 20, 6, 4, 20, 20, 12, 8, 7, 13, 5, 2, 1, 0, 10, 9, 20, 3, 20]
[20, 11, 9, 7, 4, 20, 20, 12, 8, 6, 20, 5, 2, 1, 0, 13, 10, 20, 3, 20]
[20, 20, 20, 2, 1, 20, 20, 4, 8, 12, 13, 5, 6, 7, 0, 10, 9, 11, 3, 20]
[20, 20, 20, 2, 1, 20, 20, 4, 8, 12, 13, 5, 7, 6, 0, 10, 9, 11, 3, 20]
[20, 11, 20, 2, 1, 20, 20, 6, 8, 12, 13, 5, 4, 7, 0, 10, 9, 20, 3, 20]
[20, 9, 20, 2, 1, 20, 20, 7, 8, 12, 20, 5, 4, 6, 0, 11, 10, 13, 3, 20]
[20, 11, 13, 2, 1, 5, 20, 6, 8, 12, 20, 0, 7, 4, 3, 20, 9, 20, 10, 20]
[20, 9, 13, 2, 1, 5, 20, 7, 8, 12, 20, 0, 6, 4, 3, 20, 11, 20, 10, 20]
[20, 9, 20, 6, 4, 20, 20, 1, 8, 7, 20, 5, 12, 2, 0, 13, 10, 11, 3, 20]
[20, 9, 20, 7, 4, 20, 20, 1, 8, 6, 20, 5, 12, 2, 0, 13, 10, 11, 3, 20]
[20, 20, 20, 6, 4, 20, 20, 2, 8, 7, 13, 5, 12, 1, 0, 10, 9, 11, 3, 20]
[20, 20, 9, 7, 4, 20, 20, 2, 8, 6, 20, 5, 12, 1, 0, 13, 10, 11, 3, 20]
[20, 9, 11, 6, 4, 20, 20, 1, 8, 7, 20, 5, 2, 12, 0, 13, 10, 20, 3, 20]
[20, 9, 11, 7, 4, 20, 20, 1, 8, 6, 20, 5, 2, 12, 0, 13, 10, 20, 3, 20]
[20, 20, 20, 6, 4, 20, 20, 2, 8, 7, 13, 5, 1, 12, 0, 10, 9, 11, 3, 20]
[20, 20, 20, 7, 4, 20, 20, 2, 8, 6, 13, 5, 1, 12, 0, 10, 9, 11, 3, 20]
[11, 9, 10, 13, 20, 12, 1, 3, 5, 20, 2, 8, 4, 20, 20, 0, 6, 7, 20, 20]
[11, 9, 10, 13, 20, 12, 1, 3, 5, 20, 2, 8, 4, 20, 20, 0, 7, 6, 20, 20]
[20, 5, 9, 13, 20, 12, 1, 0, 10, 20, 2, 8, 6, 11, 20, 3, 4, 7, 20, 20]
[20, 5, 11, 20, 20, 12, 1, 0, 9, 20, 2, 8, 7, 10, 13, 3, 4, 6, 20, 20]
[20, 9, 10, 13, 20, 12, 1, 3, 5, 20, 2, 8, 6, 11, 20, 0, 7, 4, 20, 20]
[20, 10, 11, 13, 20, 12, 1, 3, 5, 20, 2, 8, 7, 9, 20, 0, 6, 4, 20, 20]
[11, 10, 13, 9, 20, 12, 2, 3, 5, 20, 1, 8, 4, 20, 20, 0, 6, 7, 20, 20]
[11, 10, 13, 9, 20, 12, 2, 3, 5, 20, 1, 8, 4, 20, 20, 0, 7, 6, 20, 20]
[20, 5, 20, 9, 13, 12, 2, 0, 10, 20, 1, 8, 6, 11, 20, 3, 4, 7, 20, 20]
[20, 5, 20, 11, 20, 12, 2, 0, 9, 20, 1, 8, 7, 10, 13, 3, 4, 6, 20, 20]
[20, 10, 13, 9, 20, 12, 2, 3, 5, 20, 1, 8, 6, 11, 20, 0, 7, 4, 20, 20]
[20, 10, 13, 11, 20, 12, 2, 3, 5, 20, 1, 8, 7, 9, 20, 0, 6, 4, 20, 20]
[9, 10, 11, 13, 20, 1, 12, 3, 5, 20, 2, 8, 4, 20, 20, 0, 6, 7, 20, 20]
[9, 10, 11, 13, 20, 1, 12, 3, 5, 20, 2, 8, 4, 20, 20, 0, 7, 6, 20, 20]
[9, 5, 20, 13, 20, 1, 12, 0, 10, 20, 2, 8, 6, 11, 20, 3, 4, 7, 20, 20]
[20, 5, 11, 20, 20, 1, 12, 0, 9, 20, 2, 8, 7, 10, 13, 3, 4, 6, 20, 20]
[9, 10, 20, 13, 20, 1, 12, 3, 5, 20, 2, 8, 6, 11, 20, 0, 7, 4, 20, 20]
[20, 10, 11, 13, 20, 1, 12, 3, 5, 20, 2, 8, 7, 9, 20, 0, 6, 4, 20, 20]
[13, 10, 11, 9, 20, 2, 12, 3, 5, 20, 1, 8, 4, 20, 20, 0, 6, 7, 20, 20]
[13, 10, 11, 9, 20, 2, 12, 3, 5, 20, 1, 8, 4, 20, 20, 0, 7, 6, 20, 20]
[20, 5, 20, 9, 13, 2, 12, 0, 10, 20, 1, 8, 6, 11, 20, 3, 4, 7, 20, 20]
[20, 5, 20, 11, 20, 2, 12, 0, 9, 20, 1, 8, 7, 10, 13, 3, 4, 6, 20, 20]
[13, 10, 20, 9, 20, 2, 12, 3, 5, 20, 1, 8, 6, 11, 20, 0, 7, 4, 20, 20]
[13, 10, 20, 11, 20, 2, 12, 3, 5, 20, 1, 8, 7, 9, 20, 0, 6, 4, 20, 20]
[9, 10, 13, 11, 20, 1, 2, 3, 5, 20, 12, 8, 4, 20, 20, 0, 6, 7, 20, 20]
[9, 10, 13, 11, 20, 1, 2, 3, 5, 20, 12, 8, 4, 20, 20, 0, 7, 6, 20, 20]
[9, 5, 20, 13, 20, 1, 2, 0, 10, 20, 12, 8, 6, 11, 20, 3, 4, 7, 20, 20]
[20, 5, 20, 11, 20, 1, 2, 0, 9, 20, 12, 8, 7, 10, 13, 3, 4, 6, 20, 20]
[9, 10, 13, 20, 20, 1, 2, 3, 5, 20, 12, 8, 6, 11, 20, 0, 7, 4, 20, 20]
[20, 10, 13, 11, 20, 1, 2, 3, 5, 20, 12, 8, 7, 9, 20, 0, 6, 4, 20, 20]
[13, 9, 10, 11, 20, 2, 1, 3, 5, 20, 12, 8, 4, 20, 20, 0, 6, 7, 20, 20]
[13, 9, 10, 11, 20, 2, 1, 3, 5, 20, 12, 8, 4, 20, 20, 0, 7, 6, 20, 20]
[20, 5, 9, 13, 20, 2, 1, 0, 10, 20, 12, 8, 6, 11, 20, 3, 4, 7, 20, 20]
[20, 5, 20, 11, 20, 2, 1, 0, 9, 20, 12, 8, 7, 10, 13, 3, 4, 6, 20, 20]
[13, 9, 10, 20, 20, 2, 1, 3, 5, 20, 12, 8, 6, 11, 20, 0, 7, 4, 20, 20]
[13, 10, 20, 11, 20, 2, 1, 3, 5, 20, 12, 8, 7, 9, 20, 0, 6, 4, 20, 20]
[20, 20, 5, 0, 13, 4, 6, 9, 10, 20, 7, 8, 12, 11, 20, 3, 1, 2, 20, 20]
[20, 9, 5, 0, 20, 4, 7, 10, 11, 20, 6, 8, 12, 13, 20, 3, 1, 2, 20, 20]
[20, 20, 5, 0, 13, 6, 4, 9, 10, 20, 7, 8, 12, 11, 20, 3, 1, 2, 20, 20]
[9, 13, 5, 0, 20, 7, 4, 10, 11, 20, 6, 8, 12, 20, 20, 3, 1, 2, 20, 20]
[5, 0, 9, 20, 20, 6, 7, 10, 11, 20, 4, 8, 12, 13, 20, 3, 1, 2, 20, 20]
[5, 0, 20, 13, 20, 7, 6, 9, 10, 20, 4, 8, 12, 11, 20, 3, 1, 2, 20, 20]
[20, 20, 5, 0, 13, 4, 6, 9, 10, 20, 7, 8, 12, 11, 20, 3, 2, 1, 20, 20]
[20, 9, 5, 0, 20, 4, 7, 10, 11, 20, 6, 8, 12, 13, 20, 3, 2, 1, 20, 20]
[20, 20, 5, 0, 13, 6, 4, 9, 10, 20, 7, 8, 12, 11, 20, 3, 2, 1, 20, 20]
[9, 13, 5, 0, 20, 7, 4, 10, 11, 20, 6, 8, 12, 20, 20, 3, 2, 1, 20, 20]
[5, 0, 9, 20, 20, 6, 7, 10, 11, 20, 4, 8, 12, 13, 20, 3, 2, 1, 20, 20]
[5, 0, 20, 13, 20, 7, 6, 9, 10, 20, 4, 8, 12, 11, 20, 3, 2, 1, 20, 20]
[20, 20, 5, 0, 13, 4, 6, 9, 10, 20, 7, 8, 1, 11, 20, 3, 12, 2, 20, 20]
[20, 20, 5, 0, 13, 4, 7, 9, 10, 20, 6, 8, 1, 11, 20, 3, 12, 2, 20, 20]
[20, 20, 5, 0, 13, 6, 4, 9, 10, 20, 7, 8, 1, 11, 20, 3, 12, 2, 20, 20]
[20, 20, 5, 0, 13, 7, 4, 9, 10, 20, 6, 8, 1, 11, 20, 3, 12, 2, 20, 20]
[5, 0, 20, 13, 20, 6, 7, 9, 10, 20, 4, 8, 1, 11, 20, 3, 12, 2, 20, 20]
[5, 0, 20, 13, 20, 7, 6, 9, 10, 20, 4, 8, 1, 11, 20, 3, 12, 2, 20, 20]
[20, 11, 5, 0, 20, 4, 6, 9, 10, 20, 7, 8, 2, 13, 20, 3, 12, 1, 20, 20]
[20, 9, 5, 0, 20, 4, 7, 10, 11, 20, 6, 8, 2, 13, 20, 3, 12, 1, 20, 20]
[11, 20, 5, 0, 20, 6, 4, 9, 10, 20, 7, 8, 2, 13, 20, 3, 12, 1, 20, 20]
[9, 20, 5, 0, 20, 7, 4, 10, 11, 20, 6, 8, 2, 13, 20, 3, 12, 1, 20, 20]
[5, 0, 9, 20, 20, 6, 7, 10, 11, 20, 4, 8, 2, 13, 20, 3, 12, 1, 20, 20]
[5, 0, 11, 20, 20, 7, 6, 9, 10, 20, 4, 8, 2, 13, 20, 3, 12, 1, 20, 20]
[20, 20, 5, 0, 13, 4, 6, 9, 10, 20, 7, 8, 1, 11, 20, 3, 2, 12, 20, 20]
[20, 20, 5, 0, 13, 4, 7, 9, 10, 20, 6, 8, 1, 11, 20, 3, 2, 12, 20, 20]
[20, 20, 5, 0, 13, 6, 4, 9, 10, 20, 7, 8, 1, 11, 20, 3, 2, 12, 20, 20]
[20, 20, 5, 0, 13, 7, 4, 9, 10, 20, 6, 8, 1, 11, 20, 3, 2, 12, 20, 20]
[5, 0, 20, 13, 20, 6, 7, 9, 10, 20, 4, 8, 1, 11, 20, 3, 2, 12, 20, 20]
[5, 0, 20, 13, 20, 7, 6, 9, 10, 20, 4, 8, 1, 11, 20, 3, 2, 12, 20, 20]
[20, 11, 5, 0, 20, 4, 6, 9, 10, 20, 7, 8, 2, 13, 20, 3, 1, 12, 20, 20]
[20, 9, 5, 0, 20, 4, 7, 10, 11, 20, 6, 8, 2, 13, 20, 3, 1, 12, 20, 20]
[11, 20, 5, 0, 20, 6, 4, 9, 10, 20, 7, 8, 2, 13, 20, 3, 1, 12, 20, 20]
[9, 20, 5, 0, 20, 7, 4, 10, 11, 20, 6, 8, 2, 13, 20, 3, 1, 12, 20, 20]
[5, 0, 9, 20, 20, 6, 7, 10, 11, 20, 4, 8, 2, 13, 20, 3, 1, 12, 20, 20]
[5, 0, 11, 20, 20, 7, 6, 9, 10, 20, 4, 8, 2, 13, 20, 3, 1, 12, 20, 20]
[20, 20, 20, 9, 11, 10, 20, 12, 1, 20, 3, 4, 8, 2, 5, 0, 6, 7, 13, 20]
[20, 20, 20, 9, 11, 10, 20, 12, 1, 20, 3, 4, 8, 2, 5, 0, 7, 6, 13, 20]
[5, 20, 20, 9, 20, 0, 11, 12, 1, 20, 10, 6, 8, 2, 13, 3, 4, 7, 20, 20]
[5, 20, 20, 11, 20, 0, 9, 12, 1, 20, 10, 7, 8, 2, 13, 3, 4, 6, 20, 20]
[20, 20, 20, 9, 20, 10, 11, 12, 1, 20, 3, 6, 8, 2, 5, 0, 7, 4, 13, 20]
[20, 20, 20, 10, 11, 9, 20, 12, 1, 20, 3, 7, 8, 2, 5, 0, 6, 4, 13, 20]
[20, 11, 20, 10, 13, 20, 20, 12, 2, 20, 3, 4, 8, 1, 5, 0, 6, 7, 9, 20]
[20, 11, 20, 10, 13, 20, 20, 12, 2, 20, 3, 4, 8, 1, 5, 0, 7, 6, 9, 20]
[5, 20, 20, 13, 20, 0, 20, 12, 2, 20, 10, 6, 8, 1, 9, 3, 4, 7, 11, 20]
[5, 20, 20, 13, 20, 0, 20, 12, 2, 20, 10, 7, 8, 1, 9, 3, 4, 6, 11, 20]
[20, 20, 20, 10, 13, 11, 20, 12, 2, 20, 3, 6, 8, 1, 5, 0, 7, 4, 9, 20]
[20, 11, 20, 10, 13, 20, 20, 12, 2, 20, 3, 7, 8, 1, 5, 0, 6, 4, 9, 20]
[20, 9, 20, 10, 11, 20, 20, 1, 12, 20, 3, 4, 8, 2, 5, 0, 6, 7, 13, 20]
[20, 9, 20, 10, 11, 20, 20, 1, 12, 20, 3, 4, 8, 2, 5, 0, 7, 6, 13, 20]
[5, 9, 20, 20, 20, 0, 11, 1, 12, 20, 10, 6, 8, 2, 13, 3, 4, 7, 20, 20]
[5, 20, 20, 11, 20, 0, 9, 1, 12, 20, 10, 7, 8, 2, 13, 3, 4, 6, 20, 20]
[20, 9, 20, 10, 20, 11, 20, 1, 12, 20, 3, 6, 8, 2, 5, 0, 7, 4, 13, 20]
[20, 20, 20, 10, 11, 9, 20, 1, 12, 20, 3, 7, 8, 2, 5, 0, 6, 4, 13, 20]
[20, 13, 20, 10, 11, 20, 20, 2, 12, 20, 3, 4, 8, 1, 5, 0, 6, 7, 9, 20]
[20, 13, 20, 10, 11, 20, 20, 2, 12, 20, 3, 4, 8, 1, 5, 0, 7, 6, 9, 20]
[5, 20, 20, 13, 20, 0, 20, 2, 12, 20, 10, 6, 8, 1, 9, 3, 4, 7, 11, 20]
[5, 20, 20, 13, 20, 0, 20, 2, 12, 20, 10, 7, 8, 1, 9, 3, 4, 6, 11, 20]
[20, 13, 20, 10, 20, 11, 20, 2, 12, 20, 3, 6, 8, 1, 5, 0, 7, 4, 9, 20]
[20, 13, 20, 10, 11, 20, 20, 2, 12, 20, 3, 7, 8, 1, 5, 0, 6, 4, 9, 20]
[20, 20, 20, 13, 20, 11, 20, 4, 6, 5, 10, 12, 8, 7, 0, 3, 1, 2, 9, 20]
[20, 20, 20, 9, 20, 13, 20, 4, 7, 5, 10, 12, 8, 6, 0, 3, 1, 2, 11, 20]
[20, 20, 20, 13, 20, 11, 20, 6, 4, 5, 10, 12, 8, 7, 0, 3, 1, 2, 9, 20]
[20, 9, 20, 13, 20, 20, 20, 7, 4, 5, 10, 12, 8, 6, 0, 3, 1, 2, 11, 20]
[20, 20, 5, 0, 9, 11, 13, 6, 7, 20, 10, 12, 8, 4, 20, 3, 1, 2, 20, 20]
[20, 9, 5, 0, 20, 11, 13, 7, 6, 20, 10, 12, 8, 4, 20, 3, 1, 2, 20, 20]
[20, 20, 20, 13, 20, 11, 20, 4, 6, 5, 10, 12, 8, 7, 0, 3, 2, 1, 9, 20]
[20, 20, 20, 9, 20, 13, 20, 4, 7, 5, 10, 12, 8, 6, 0, 3, 2, 1, 11, 20]
[20, 20, 20, 13, 20, 11, 20, 6, 4, 5, 10, 12, 8, 7, 0, 3, 2, 1, 9, 20]
[20, 9, 20, 13, 20, 20, 20, 7, 4, 5, 10, 12, 8, 6, 0, 3, 2, 1, 11, 20]
[20, 20, 5, 0, 9, 11, 13, 6, 7, 20, 10, 12, 8, 4, 20, 3, 2, 1, 20, 20]
[20, 9, 5, 0, 20, 11, 13, 7, 6, 20, 10, 12, 8, 4, 20, 3, 2, 1, 20, 20]
[20, 9, 20, 10, 13, 20, 20, 1, 2, 20, 3, 4, 8, 12, 5, 0, 6, 7, 11, 20]
[20, 9, 20, 10, 13, 20, 20, 1, 2, 20, 3, 4, 8, 12, 5, 0, 7, 6, 11, 20]
[5, 9, 20, 13, 20, 0, 20, 1, 2, 20, 10, 6, 8, 12, 11, 3, 4, 7, 20, 20]
[5, 20, 20, 13, 20, 0, 9, 1, 2, 20, 10, 7, 8, 12, 11, 3, 4, 6, 20, 20]
[20, 9, 20, 10, 13, 20, 20, 1, 2, 20, 3, 6, 8, 12, 5, 0, 7, 4, 11, 20]
[20, 20, 20, 10, 13, 9, 20, 1, 2, 20, 3, 7, 8, 12, 5, 0, 6, 4, 11, 20]
[20, 13, 20, 9, 20, 10, 20, 2, 1, 20, 3, 4, 8, 12, 5, 0, 6, 7, 11, 20]
[20, 13, 20, 9, 20, 10, 20, 2, 1, 20, 3, 4, 8, 12, 5, 0, 7, 6, 11, 20]
[5, 20, 20, 9, 20, 0, 13, 2, 1, 20, 10, 6, 8, 12, 11, 3, 4, 7, 20, 20]
[5, 20, 20, 13, 20, 0, 9, 2, 1, 20, 10, 7, 8, 12, 11, 3, 4, 6, 20, 20]
[20, 13, 20, 9, 20, 10, 20, 2, 1, 20, 3, 6, 8, 12, 5, 0, 7, 4, 11, 20]
[20, 13, 20, 10, 20, 9, 20, 2, 1, 20, 3, 7, 8, 12, 5, 0, 6, 4, 11, 20]
[20, 20, 20, 13, 20, 11, 20, 4, 6, 5, 10, 1, 8, 7, 0, 3, 12, 2, 9, 20]
[20, 20, 20, 13, 20, 9, 20, 4, 7, 5, 10, 1, 8, 6, 0, 3, 12, 2, 11, 20]
[20, 20, 20, 13, 20, 11, 20, 6, 4, 5, 10, 1, 8, 7, 0, 3, 12, 2, 9, 20]
[20, 20, 20, 13, 20, 9, 20, 7, 4, 5, 10, 1, 8, 6, 0, 3, 12, 2, 11, 20]
[20, 20, 5, 0, 20, 9, 11, 6, 7, 20, 10, 1, 8, 4, 13, 3, 12, 2, 20, 20]
[20, 20, 5, 0, 20, 9, 11, 7, 6, 20, 10, 1, 8, 4, 13, 3, 12, 2, 20, 20]
[20, 20, 20, 11, 20, 13, 20, 4, 6, 5, 10, 2, 8, 7, 0, 3, 12, 1, 9, 20]
[20, 20, 20, 9, 20, 13, 20, 4, 7, 5, 10, 2, 8, 6, 0, 3, 12, 1, 11, 20]
[20, 11, 20, 20, 20, 13, 20, 6, 4, 5, 10, 2, 8, 7, 0, 3, 12, 1, 9, 20]
[20, 9, 20, 20, 20, 13, 20, 7, 4, 5, 10, 2, 8, 6, 0, 3, 12, 1, 11, 20]
[20, 11, 5, 0, 9, 13, 20, 6, 7, 20, 10, 2, 8, 4, 20, 3, 12, 1, 20, 20]
[20, 9, 5, 0, 11, 13, 20, 7, 6, 20, 10, 2, 8, 4, 20, 3, 12, 1, 20, 20]
[20, 20, 20, 13, 20, 11, 20, 4, 6, 5, 10, 1, 8, 7, 0, 3, 2, 12, 9, 20]
[20, 20, 20, 13, 20, 9, 20, 4, 7, 5, 10, 1, 8, 6, 0, 3, 2, 12, 11, 20]
[20, 20, 20, 13, 20, 11, 20, 6, 4, 5, 10, 1, 8, 7, 0, 3, 2, 12, 9, 20]
[20, 20, 20, 13, 20, 9, 20, 7, 4, 5, 10, 1, 8, 6, 0, 3, 2, 12, 11, 20]
[20, 20, 5, 0, 20, 9, 11, 6, 7, 20, 10, 1, 8, 4, 13, 3, 2, 12, 20, 20]
[20, 20, 5, 0, 20, 9, 11, 7, 6, 20, 10, 1, 8, 4, 13, 3, 2, 12, 20, 20]
[20, 20, 20, 11, 20, 13, 20, 4, 6, 5, 10, 2, 8, 7, 0, 3, 1, 12, 9, 20]
[20, 20, 20, 9, 20, 13, 20, 4, 7, 5, 10, 2, 8, 6, 0, 3, 1, 12, 11, 20]
[20, 11, 20, 20, 20, 13, 20, 6, 4, 5, 10, 2, 8, 7, 0, 3, 1, 12, 9, 20]
[20, 9, 20, 20, 20, 13, 20, 7, 4, 5, 10, 2, 8, 6, 0, 3, 1, 12, 11, 20]
[20, 11, 5, 0, 9, 13, 20, 6, 7, 20, 10, 2, 8, 4, 20, 3, 1, 12, 20, 20]
[20, 9, 5, 0, 11, 13, 20, 7, 6, 20, 10, 2, 8, 4, 20, 3, 1, 12, 20, 20]
[20, 11, 20, 9, 5, 10, 20, 12, 1, 0, 20, 3, 2, 8, 4, 20, 13, 20, 6, 7]
[20, 11, 20, 9, 5, 10, 20, 12, 1, 0, 20, 3, 2, 8, 4, 20, 13, 20, 7, 6]
[20, 11, 20, 9, 5, 10, 20, 12, 1, 0, 20, 3, 2, 8, 6, 20, 13, 20, 4, 7]
[20, 11, 20, 9, 5, 10, 20, 12, 1, 0, 20, 3, 2, 8, 7, 20, 13, 20, 4, 6]
[20, 11, 20, 9, 5, 10, 20, 12, 1, 0, 20, 3, 2, 8, 6, 20, 13, 20, 7, 4]
[20, 11, 20, 9, 5, 10, 20, 12, 1, 0, 20, 3, 2, 8, 7, 20, 13, 20, 6, 4]
[20, 20, 20, 13, 5, 10, 20, 12, 2, 0, 20, 3, 1, 8, 4, 20, 9, 11, 6, 7]
[20, 20, 20, 13, 5, 10, 20, 12, 2, 0, 20, 3, 1, 8, 4, 20, 9, 11, 7, 6]
[20, 20, 20, 13, 5, 10, 20, 12, 2, 0, 20, 3, 1, 8, 6, 20, 9, 11, 4, 7]
[20, 20, 20, 13, 5, 10, 20, 12, 2, 0, 20, 3, 1, 8, 7, 20, 9, 11, 4, 6]
[20, 20, 20, 13, 5, 10, 20, 12, 2, 0, 20, 3, 1, 8, 6, 20, 9, 11, 7, 4]
[20, 20, 20, 13, 5, 10, 20, 12, 2, 0, 20, 3, 1, 8, 7, 20, 9, 11, 6, 4]
[20, 9, 20, 11, 5, 10, 20, 1, 12, 0, 20, 3, 2, 8, 4, 20, 13, 20, 6, 7]
[20, 9, 20, 11, 5, 10, 20, 1, 12, 0, 20, 3, 2, 8, 4, 20, 13, 20, 7, 6]
[20, 9, 20, 11, 5, 10, 20, 1, 12, 0, 20, 3, 2, 8, 6, 20, 13, 20, 4, 7]
[20, 9, 20, 11, 5, 10, 20, 1, 12, 0, 20, 3, 2, 8, 7, 20, 13, 20, 4, 6]
[20, 9, 20, 11, 5, 10, 20, 1, 12, 0, 20, 3, 2, 8, 6, 20, 13, 20, 7, 4]
[20, 9, 20, 11, 5, 10, 20, 1, 12, 0, 20, 3, 2, 8, 7, 20, 13, 20, 6, 4]
[20, 13, 20, 20, 5, 10, 20, 2, 12, 0, 20, 3, 1, 8, 4, 20, 9, 11, 6, 7]
[20, 13, 20, 20, 5, 10, 20, 2, 12, 0, 20, 3, 1, 8, 4, 20, 9, 11, 7, 6]
[20, 13, 20, 20, 5, 10, 20, 2, 12, 0, 20, 3, 1, 8, 6, 20, 9, 11, 4, 7]
[20, 13, 20, 20, 5, 10, 20, 2, 12, 0, 20, 3, 1, 8, 7, 20, 9, 11, 4, 6]
[20, 13, 20, 20, 5, 10, 20, 2, 12, 0, 20, 3, 1, 8, 6, 20, 9, 11, 7, 4]
[20, 13, 20, 20, 5, 10, 20, 2, 12, 0, 20, 3, 1, 8, 7, 20, 9, 11, 6, 4]
[20, 9, 20, 13, 5, 10, 20, 1, 2, 0, 20, 3, 12, 8, 4, 20, 11, 20, 6, 7]
[20, 9, 20, 13, 5, 10, 20, 1, 2, 0, 20, 3, 12, 8, 4, 20, 11, 20, 7, 6]
[20, 9, 20, 13, 5, 10, 20, 1, 2, 0, 20, 3, 12, 8, 6, 20, 11, 20, 4, 7]
[20, 9, 20, 13, 5, 10, 20, 1, 2, 0, 20, 3, 12, 8, 7, 20, 11, 20, 4, 6]
[20, 9, 20, 13, 5, 10, 20, 1, 2, 0, 20, 3, 12, 8, 6, 20, 11, 20, 7, 4]
[20, 9, 20, 13, 5, 10, 20, 1, 2, 0, 20, 3, 12, 8, 7, 20, 11, 20, 6, 4]
[20, 13, 20, 9, 5, 10, 20, 2, 1, 0, 20, 3, 12, 8, 4, 20, 11, 20, 6, 7]
[20, 13, 20, 9, 5, 10, 20, 2, 1, 0, 20, 3, 12, 8, 4, 20, 11, 20, 7, 6]
[20, 13, 20, 9, 5, 10, 20, 2, 1, 0, 20, 3, 12, 8, 6, 20, 11, 20, 4, 7]
[20, 13, 20, 9, 5, 10, 20, 2, 1, 0, 20, 3, 12, 8, 7, 20, 11, 20, 4, 6]
[20, 13, 20, 9, 5, 10, 20, 2, 1, 0, 20, 3, 12, 8, 6, 20, 11, 20, 7, 4]
[20, 13, 20, 9, 5, 10, 20, 2, 1, 0, 20, 3, 12, 8, 7, 20, 11, 20, 6, 4]
[20, 20, 20, 11, 20, 5, 20, 4, 6, 2, 13, 0, 7, 8, 12, 10, 3, 9, 1, 20]
[20, 20, 20, 9, 20, 5, 20, 4, 7, 2, 13, 0, 6, 8, 12, 10, 3, 11, 1, 20]
[20, 11, 20, 20, 20, 5, 20, 6, 4, 2, 13, 0, 7, 8, 12, 10, 3, 9, 1, 20]
[20, 9, 20, 20, 20, 5, 20, 7, 4, 2, 13, 0, 6, 8, 12, 10, 3, 11, 1, 20]
[13, 11, 5, 0, 9, 10, 20, 6, 7, 2, 20, 3, 4, 8, 12, 20, 20, 20, 1, 20]
[13, 9, 5, 0, 11, 10, 20, 7, 6, 2, 20, 3, 4, 8, 12, 20, 20, 20, 1, 20]
[20, 20, 20, 11, 10, 5, 20, 4, 6, 3, 20, 0, 7, 8, 12, 13, 9, 20, 2, 1]
[20, 20, 20, 9, 10, 5, 20, 4, 7, 3, 20, 0, 6, 8, 12, 13, 11, 20, 2, 1]
[20, 11, 20, 13, 10, 5, 20, 6, 4, 3, 20, 0, 7, 8, 12, 20, 9, 20, 2, 1]
[20, 9, 20, 13, 10, 5, 20, 7, 4, 3, 20, 0, 6, 8, 12, 20, 11, 20, 2, 1]
[20, 11, 5, 0, 9, 13, 20, 6, 7, 3, 20, 10, 4, 8, 12, 20, 20, 20, 2, 1]
[20, 9, 5, 0, 10, 20, 20, 7, 6, 3, 20, 11, 4, 8, 12, 20, 13, 20, 2, 1]
[20, 20, 20, 11, 20, 5, 20, 4, 6, 2, 13, 0, 7, 8, 1, 10, 3, 9, 12, 20]
[20, 20, 20, 9, 20, 5, 20, 4, 7, 2, 13, 0, 6, 8, 1, 10, 3, 11, 12, 20]
[20, 11, 20, 20, 20, 5, 20, 6, 4, 2, 13, 0, 7, 8, 1, 10, 3, 9, 12, 20]
[20, 9, 20, 20, 20, 5, 20, 7, 4, 2, 13, 0, 6, 8, 1, 10, 3, 11, 12, 20]
[13, 11, 5, 0, 9, 10, 20, 6, 7, 2, 20, 3, 4, 8, 1, 20, 20, 20, 12, 20]
[13, 9, 5, 0, 11, 10, 20, 7, 6, 2, 20, 3, 4, 8, 1, 20, 20, 20, 12, 20]
[20, 20, 20, 11, 10, 5, 20, 4, 6, 3, 20, 0, 7, 8, 2, 13, 9, 20, 12, 1]
[20, 20, 20, 9, 10, 5, 20, 4, 7, 3, 20, 0, 6, 8, 2, 13, 11, 20, 12, 1]
[20, 11, 20, 13, 10, 5, 20, 6, 4, 3, 20, 0, 7, 8, 2, 20, 9, 20, 12, 1]
[20, 9, 20, 13, 10, 5, 20, 7, 4, 3, 20, 0, 6, 8, 2, 20, 11, 20, 12, 1]
[20, 11, 5, 0, 9, 13, 20, 6, 7, 3, 20, 10, 4, 8, 2, 20, 20, 20, 12, 1]
[20, 9, 5, 0, 10, 20, 20, 7, 6, 3, 20, 11, 4, 8, 2, 20, 13, 20, 12, 1]
[20, 20, 20, 11, 10, 5, 20, 4, 6, 3, 20, 0, 7, 8, 1, 13, 9, 20, 2, 12]
[20, 20, 20, 9, 10, 5, 20, 4, 7, 3, 20, 0, 6, 8, 1, 13, 11, 20, 2, 12]
[20, 11, 20, 13, 10, 5, 20, 6, 4, 3, 20, 0, 7, 8, 1, 20, 9, 20, 2, 12]
[20, 9, 20, 13, 10, 5, 20, 7, 4, 3, 20, 0, 6, 8, 1, 20, 11, 20, 2, 12]
[20, 11, 5, 0, 9, 13, 20, 6, 7, 3, 20, 10, 4, 8, 1, 20, 20, 20, 2, 12]
[20, 9, 5, 0, 10, 20, 20, 7, 6, 3, 20, 11, 4, 8, 1, 20, 13, 20, 2, 12]
[20, 20, 20, 11, 10, 5, 20, 4, 6, 3, 20, 0, 7, 8, 2, 13, 9, 20, 1, 12]
[20, 20, 20, 9, 10, 5, 20, 4, 7, 3, 20, 0, 6, 8, 2, 13, 11, 20, 1, 12]
[20, 11, 20, 13, 10, 5, 20, 6, 4, 3, 20, 0, 7, 8, 2, 20, 9, 20, 1, 12]
[20, 9, 20, 13, 10, 5, 20, 7, 4, 3, 20, 0, 6, 8, 2, 20, 11, 20, 1, 12]
[20, 11, 5, 0, 9, 13, 20, 6, 7, 3, 20, 10, 4, 8, 2, 20, 20, 20, 1, 12]
[20, 9, 5, 0, 10, 20, 20, 7, 6, 3, 20, 11, 4, 8, 2, 20, 13, 20, 1, 12]
