[20, 20, 20, 8, 20, 20, 20, 2, 3, 20, 9, 0, 4, 5, 20, 6, 1, 7, 20, 20]
[20, 20, 20, 8, 20, 20, 20, 2, 3, 1, 20, 7, 5, 4, 0, 20, 9, 20, 6, 20]
[20, 20, 20, 0, 1, 20, 20, 2, 4, 7, 20, 8, 3, 5, 6, 20, 20, 20, 9, 20]
[20, 20, 20, 9, 7, 20, 20, 2, 5, 1, 20, 8, 3, 4, 0, 20, 20, 20, 6, 20]
[20, 20, 20, 0, 1, 20, 20, 2, 4, 20, 20, 6, 5, 3, 8, 9, 7, 20, 20, 20]
[20, 20, 20, 20, 20, 20, 20, 2, 5, 20, 9, 0, 4, 3, 8, 6, 1, 7, 20, 20]
[20, 8, 20, 20, 20, 20, 20, 3, 2, 20, 9, 0, 4, 5, 20, 6, 1, 7, 20, 20]
[20, 8, 20, 20, 20, 20, 20, 3, 2, 1, 20, 7, 5, 4, 0, 20, 9, 20, 6, 20]
[20, 0, 1, 20, 20, 20, 20, 4, 2, 7, 20, 8, 3, 5, 6, 20, 20, 20, 9, 20]
[20, 9, 20, 20, 7, 20, 20, 5, 2, 1, 20, 8, 3, 4, 0, 20, 20, 20, 6, 20]
[20, 0, 1, 20, 20, 20, 20, 4, 2, 20, 20, 6, 5, 3, 8, 9, 7, 20, 20, 20]
[20, 20, 20, 20, 20, 20, 20, 5, 2, 20, 9, 0, 4, 3, 8, 6, 1, 7, 20, 20]
[20, 8, 20, 0, 1, 20, 20, 3, 4, 7, 20, 20, 2, 5, 6, 20, 20, 20, 9, 20]
[20, 8, 20, 20, 20, 9, 20, 3, 5, 1, 20, 7, 2, 4, 0, 20, 20, 20, 6, 20]
[20, 0, 1, 8, 20, 20, 20, 4, 3, 7, 20, 20, 2, 5, 6, 20, 20, 20, 9, 20]
[20, 20, 20, 8, 20, 9, 20, 5, 3, 1, 20, 7, 2, 4, 0, 20, 20, 20, 6, 20]
[20, 0, 1, 20, 20, 20, 20, 4, 5, 20, 20, 6, 2, 3, 8, 9, 7, 20, 20, 20]
[20, 20, 20, 0, 1, 20, 20, 5, 4, 20, 20, 6, 2, 3, 8, 9, 7, 20, 20, 20]
[20, 8, 20, 0, 1, 20, 20, 3, 4, 7, 20, 20, 5, 2, 6, 20, 20, 20, 9, 20]
[20, 8, 20, 20, 20, 20, 20, 3, 5, 20, 9, 0, 4, 2, 20, 6, 1, 7, 20, 20]
[20, 0, 1, 8, 20, 20, 20, 4, 3, 7, 20, 20, 5, 2, 6, 20, 20, 20, 9, 20]
[20, 20, 20, 8, 20, 20, 20, 5, 3, 20, 9, 0, 4, 2, 20, 6, 1, 7, 20, 20]
[20, 0, 1, 20, 20, 20, 20, 4, 5, 7, 20, 8, 3, 2, 6, 20, 20, 20, 9, 20]
[20, 20, 20, 0, 1, 20, 20, 5, 4, 7, 20, 8, 3, 2, 6, 20, 20, 20, 9, 20]
