[20, 0, 1, 6, 7, 4, 2, 3, 5, 20, 20, 20, 20, 20, 20, 20, 20, 20, 20, 20]
[20, 0, 1, 5, 6, 20, 3, 2, 4, 7, 20, 20, 20, 20, 20, 20, 20, 20, 20, 20]
[20, 0, 2, 6, 7, 4, 1, 3, 5, 20, 20, 20, 20, 20, 20, 20, 20, 20, 20, 20]
[20, 0, 3, 5, 6, 20, 1, 2, 4, 7, 20, 20, 20, 20, 20, 20, 20, 20, 20, 20]
[20, 0, 2, 5, 6, 20, 3, 1, 4, 7, 20, 20, 20, 20, 20, 20, 20, 20, 20, 20]
[20, 0, 3, 5, 6, 20, 2, 1, 4, 7, 20, 20, 20, 20, 20, 20, 20, 20, 20, 20]
[20, 1, 0, 6, 7, 4, 2, 3, 5, 20, 20, 20, 20, 20, 20, 20, 20, 20, 20, 20]
[20, 1, 0, 5, 6, 20, 3, 2, 4, 7, 20, 20, 20, 20, 20, 20, 20, 20, 20, 20]
[20, 2, 0, 6, 7, 4, 1, 3, 5, 20, 20, 20, 20, 20, 20, 20, 20, 20, 20, 20]
[20, 3, 0, 5, 6, 20, 1, 2, 4, 7, 20, 20, 20, 20, 20, 20, 20, 20, 20, 20]
[20, 2, 0, 5, 6, 20, 3, 1, 4, 7, 20, 20, 20, 20, 20, 20, 20, 20, 20, 20]
[20, 3, 0, 5, 6, 20, 2, 1, 4, 7, 20, 20, 20, 20, 20, 20, 20, 20, 20, 20]
[20, 20, 20, 4, 20, 0, 1, 6, 7, 20, 2, 3, 5, 20, 20, 20, 20, 20, 20, 20]
[20, 6, 20, 20, 20, 0, 1, 5, 7, 20, 3, 2, 4, 20, 20, 20, 20, 20, 20, 20]
[20, 20, 20, 4, 20, 0, 2, 6, 7, 20, 1, 3, 5, 20, 20, 20, 20, 20, 20, 20]
[20, 6, 20, 20, 20, 0, 3, 5, 7, 20, 1, 2, 4, 20, 20, 20, 20, 20, 20, 20]
[20, 6, 20, 20, 20, 0, 2, 5, 7, 20, 3, 1, 4, 20, 20, 20, 20, 20, 20, 20]
[20, 6, 20, 20, 20, 0, 3, 5, 7, 20, 2, 1, 4, 20, 20, 20, 20, 20, 20, 20]
[20, 1, 2, 4, 6, 20, 0, 3, 5, 7, 20, 20, 20, 20, 20, 20, 20, 20, 20, 20]
[20, 1, 3, 5, 6, 20, 0, 2, 4, 7, 20, 20, 20, 20, 20, 20, 20, 20, 20, 20]
[20, 2, 1, 4, 6, 20, 0, 3, 5, 7, 20, 20, 20, 20, 20, 20, 20, 20, 20, 20]
[20, 3, 1, 5, 6, 20, 0, 2, 4, 7, 20, 20, 20, 20, 20, 20, 20, 20, 20, 20]
[20, 20, 20, 4, 20, 1, 0, 6, 7, 20, 2, 3, 5, 20, 20, 20, 20, 20, 20, 20]
[20, 6, 20, 20, 20, 1, 0, 5, 7, 20, 3, 2, 4, 20, 20, 20, 20, 20, 20, 20]
[20, 2, 3, 5, 6, 20, 0, 1, 4, 7, 20, 20, 20, 20, 20, 20, 20, 20, 20, 20]
[20, 3, 2, 5, 6, 20, 0, 1, 4, 7, 20, 20, 20, 20, 20, 20, 20, 20, 20, 20]
[20, 20, 20, 4, 20, 2, 0, 6, 7, 20, 1, 3, 5, 20, 20, 20, 20, 20, 20, 20]
[20, 6, 20, 20, 20, 3, 0, 5, 7, 20, 1, 2, 4, 20, 20, 20, 20, 20, 20, 20]
[20, 6, 20, 20, 20, 2, 0, 5, 7, 20, 3, 1, 4, 20, 20, 20, 20, 20, 20, 20]
[20, 6, 20, 20, 20, 3, 0, 5, 7, 20, 2, 1, 4, 20, 20, 20, 20, 20, 20, 20]
[20, 1, 2, 4, 6, 20, 3, 0, 5, 7, 20, 20, 20, 20, 20, 20, 20, 20, 20, 20]
[20, 1, 3, 6, 7, 4, 2, 0, 5, 20, 20, 20, 20, 20, 20, 20, 20, 20, 20, 20]
[20, 2, 1, 4, 6, 20, 3, 0, 5, 7, 20, 20, 20, 20, 20, 20, 20, 20, 20, 20]
[20, 3, 1, 6, 7, 4, 2, 0, 5, 20, 20, 20, 20, 20, 20, 20, 20, 20, 20, 20]
[20, 2, 3, 6, 7, 4, 1, 0, 5, 20, 20, 20, 20, 20, 20, 20, 20, 20, 20, 20]
[20, 3, 2, 6, 7, 4, 1, 0, 5, 20, 20, 20, 20, 20, 20, 20, 20, 20, 20, 20]
[20, 20, 20, 20, 20, 20, 20, 0, 1, 6, 20, 4, 2, 3, 5, 20, 20, 20, 7, 20]
[20, 20, 20, 20, 6, 20, 20, 0, 1, 5, 20, 20, 3, 2, 4, 20, 20, 20, 7, 20]
[20, 20, 20, 20, 20, 20, 20, 0, 2, 6, 20, 4, 1, 3, 5, 20, 20, 20, 7, 20]
[20, 20, 20, 20, 6, 20, 20, 0, 3, 5, 20, 20, 1, 2, 4, 20, 20, 20, 7, 20]
[20, 20, 20, 20, 6, 20, 20, 0, 2, 5, 20, 20, 3, 1, 4, 20, 20, 20, 7, 20]
[20, 20, 20, 20, 6, 20, 20, 0, 3, 5, 20, 20, 2, 1, 4, 20, 20, 20, 7, 20]
[20, 20, 20, 20, 20, 20, 20, 1, 0, 6, 20, 4, 2, 3, 5, 20, 20, 20, 7, 20]
[20, 20, 20, 20, 6, 20, 20, 1, 0, 5, 20, 20, 3, 2, 4, 20, 20, 20, 7, 20]
[20, 20, 20, 20, 20, 20, 20, 2, 0, 6, 20, 4, 1, 3, 5, 20, 20, 20, 7, 20]
[20, 20, 20, 20, 6, 20, 20, 3, 0, 5, 20, 20, 1, 2, 4, 20, 20, 20, 7, 20]
[20, 20, 20, 20, 6, 20, 20, 2, 0, 5, 20, 20, 3, 1, 4, 20, 20, 20, 7, 20]
[20, 20, 20, 20, 6, 20, 20, 3, 0, 5, 20, 20, 2, 1, 4, 20, 20, 20, 7, 20]
[20, 4, 20, 20, 20, 1, 2, 6, 7, 20, 0, 3, 5, 20, 20, 20, 20, 20, 20, 20]
[20, 6, 20, 20, 20, 1, 3, 5, 7, 20, 0, 2, 4, 20, 20, 20, 20, 20, 20, 20]
[20, 4, 20, 20, 20, 2, 1, 6, 7, 20, 0, 3, 5, 20, 20, 20, 20, 20, 20, 20]
[20, 6, 20, 20, 20, 3, 1, 5, 7, 20, 0, 2, 4, 20, 20, 20, 20, 20, 20, 20]
[20, 6, 20, 20, 20, 2, 3, 5, 7, 20, 0, 1, 4, 20, 20, 20, 20, 20, 20, 20]
[20, 6, 20, 20, 20, 3, 2, 5, 7, 20, 0, 1, 4, 20, 20, 20, 20, 20, 20, 20]
[20, 4, 20, 20, 20, 1, 2, 6, 7, 20, 3, 0, 5, 20, 20, 20, 20, 20, 20, 20]
[20, 20, 20, 4, 20, 1, 3, 6, 7, 20, 2, 0, 5, 20, 20, 20, 20, 20, 20, 20]
[20, 4, 20, 20, 20, 2, 1, 6, 7, 20, 3, 0, 5, 20, 20, 20, 20, 20, 20, 20]
[20, 20, 20, 4, 20, 3, 1, 6, 7, 20, 2, 0, 5, 20, 20, 20, 20, 20, 20, 20]
[20, 20, 20, 4, 20, 2, 3, 6, 7, 20, 1, 0, 5, 20, 20, 20, 20, 20, 20, 20]
[20, 20, 20, 4, 20, 3, 2, 6, 7, 20, 1, 0, 5, 20, 20, 20, 20, 20, 20, 20]
[20, 20, 20, 4, 20, 20, 20, 1, 2, 6, 20, 20, 0, 3, 5, 20, 20, 20, 7, 20]
[20, 20, 20, 20, 6, 20, 20, 1, 3, 5, 20, 20, 0, 2, 4, 20, 20, 20, 7, 20]
[20, 20, 20, 4, 20, 20, 20, 2, 1, 6, 20, 20, 0, 3, 5, 20, 20, 20, 7, 20]
[20, 20, 20, 20, 6, 20, 20, 3, 1, 5, 20, 20, 0, 2, 4, 20, 20, 20, 7, 20]
[20, 20, 20, 20, 6, 20, 20, 2, 3, 5, 20, 20, 0, 1, 4, 20, 20, 20, 7, 20]
[20, 20, 20, 20, 6, 20, 20, 3, 2, 5, 20, 20, 0, 1, 4, 20, 20, 20, 7, 20]
[20, 20, 20, 4, 20, 20, 20, 1, 2, 6, 20, 20, 3, 0, 5, 20, 20, 20, 7, 20]
[20, 20, 20, 20, 20, 20, 20, 1, 3, 6, 20, 4, 2, 0, 5, 20, 20, 20, 7, 20]
[20, 20, 20, 4, 20, 20, 20, 2, 1, 6, 20, 20, 3, 0, 5, 20, 20, 20, 7, 20]
[20, 20, 20, 20, 20, 20, 20, 3, 1, 6, 20, 4, 2, 0, 5, 20, 20, 20, 7, 20]
[20, 20, 20, 20, 20, 20, 20, 2, 3, 6, 20, 4, 1, 0, 5, 20, 20, 20, 7, 20]
[20, 20, 20, 20, 20, 20, 20, 3, 2, 6, 20, 4, 1, 0, 5, 20, 20, 20, 7, 20]
