[20, 20, 20, 4, 5, 20, 20, 0, 1, 7, 20, 9, 2, 3, 6, 20, 20, 20, 8, 20]
[20, 20, 20, 4, 5, 20, 20, 0, 1, 9, 20, 6, 3, 2, 7, 20, 20, 20, 8, 20]
[20, 20, 20, 20, 20, 20, 20, 0, 2, 20, 9, 4, 1, 3, 6, 7, 5, 8, 20, 20]
[20, 20, 20, 20, 20, 6, 20, 0, 3, 20, 9, 4, 1, 2, 20, 7, 5, 8, 20, 20]
[20, 20, 20, 20, 8, 9, 20, 0, 2, 6, 20, 7, 3, 1, 4, 20, 20, 20, 5, 20]
[20, 20, 20, 20, 20, 20, 20, 0, 3, 6, 20, 7, 2, 1, 4, 20, 8, 9, 5, 20]
[20, 20, 20, 4, 5, 20, 20, 1, 0, 7, 20, 9, 2, 3, 6, 20, 20, 20, 8, 20]
[20, 20, 20, 4, 5, 20, 20, 1, 0, 9, 20, 6, 3, 2, 7, 20, 20, 20, 8, 20]
[20, 20, 20, 20, 20, 20, 20, 2, 0, 20, 9, 4, 1, 3, 6, 7, 5, 8, 20, 20]
[20, 20, 20, 20, 20, 6, 20, 3, 0, 20, 9, 4, 1, 2, 20, 7, 5, 8, 20, 20]
[20, 20, 20, 20, 8, 9, 20, 2, 0, 6, 20, 7, 3, 1, 4, 20, 20, 20, 5, 20]
[20, 20, 20, 20, 20, 20, 20, 3, 0, 6, 20, 7, 2, 1, 4, 20, 8, 9, 5, 20]
[20, 20, 20, 20, 20, 20, 20, 1, 2, 20, 9, 4, 0, 3, 6, 7, 5, 8, 20, 20]
[20, 20, 20, 20, 20, 6, 20, 1, 3, 20, 9, 4, 0, 2, 20, 7, 5, 8, 20, 20]
[20, 20, 20, 20, 20, 20, 20, 2, 1, 20, 9, 4, 0, 3, 6, 7, 5, 8, 20, 20]
[20, 20, 20, 20, 20, 6, 20, 3, 1, 20, 9, 4, 0, 2, 20, 7, 5, 8, 20, 20]
[20, 8, 9, 20, 7, 20, 20, 2, 3, 6, 20, 20, 0, 1, 4, 20, 20, 20, 5, 20]
[20, 20, 20, 8, 7, 20, 20, 3, 2, 6, 20, 9, 0, 1, 4, 20, 20, 20, 5, 20]
[20, 20, 20, 20, 8, 9, 20, 1, 2, 6, 20, 7, 3, 0, 4, 20, 20, 20, 5, 20]
[20, 20, 20, 20, 20, 20, 20, 1, 3, 6, 20, 7, 2, 0, 4, 20, 8, 9, 5, 20]
[20, 20, 20, 20, 8, 9, 20, 2, 1, 6, 20, 7, 3, 0, 4, 20, 20, 20, 5, 20]
[20, 20, 20, 20, 20, 20, 20, 3, 1, 6, 20, 7, 2, 0, 4, 20, 8, 9, 5, 20]
[20, 8, 20, 20, 7, 20, 20, 2, 3, 6, 20, 9, 1, 0, 4, 20, 20, 20, 5, 20]
[20, 20, 20, 8, 7, 20, 20, 3, 2, 6, 20, 9, 1, 0, 4, 20, 20, 20, 5, 20]
