[20, 20, 20, 7, 20, 9, 20, 0, 1, 5, 20, 8, 2, 3, 4, 20, 20, 20, 6, 20]
[20, 20, 20, 20, 7, 20, 20, 0, 1, 6, 20, 4, 3, 2, 5, 20, 9, 20, 8, 20]
[20, 20, 20, 20, 20, 20, 20, 0, 2, 5, 20, 7, 1, 3, 4, 9, 8, 20, 6, 20]
[20, 20, 20, 4, 9, 20, 20, 0, 3, 6, 20, 7, 1, 2, 5, 20, 20, 20, 8, 20]
[20, 20, 20, 20, 20, 5, 20, 0, 2, 7, 20, 4, 3, 1, 6, 20, 9, 20, 8, 20]
[20, 20, 20, 4, 20, 9, 20, 0, 3, 7, 20, 5, 2, 1, 6, 20, 20, 20, 8, 20]
[20, 7, 20, 20, 20, 9, 20, 1, 0, 5, 20, 8, 2, 3, 4, 20, 20, 20, 6, 20]
[20, 20, 20, 20, 7, 20, 20, 1, 0, 6, 20, 4, 3, 2, 5, 20, 9, 20, 8, 20]
[20, 20, 20, 20, 20, 20, 20, 2, 0, 5, 20, 7, 1, 3, 4, 9, 8, 20, 6, 20]
[20, 4, 20, 20, 9, 20, 20, 3, 0, 6, 20, 7, 1, 2, 5, 20, 20, 20, 8, 20]
[20, 20, 20, 20, 20, 5, 20, 2, 0, 7, 20, 4, 3, 1, 6, 20, 9, 20, 8, 20]
[20, 4, 20, 20, 20, 9, 20, 3, 0, 7, 20, 5, 2, 1, 6, 20, 20, 20, 8, 20]
[20, 7, 20, 8, 20, 20, 20, 1, 2, 5, 20, 9, 0, 3, 4, 20, 20, 20, 6, 20]
[20, 20, 20, 4, 7, 20, 20, 1, 3, 6, 20, 9, 0, 2, 5, 20, 20, 20, 8, 20]
[20, 20, 20, 7, 8, 20, 20, 2, 1, 5, 20, 9, 0, 3, 4, 20, 20, 20, 6, 20]
[20, 4, 20, 20, 7, 20, 20, 3, 1, 6, 20, 9, 0, 2, 5, 20, 20, 20, 8, 20]
[20, 5, 20, 4, 20, 20, 20, 2, 3, 7, 20, 9, 0, 1, 6, 20, 20, 20, 8, 20]
[20, 4, 20, 5, 20, 20, 20, 3, 2, 7, 20, 9, 0, 1, 6, 20, 20, 20, 8, 20]
[20, 20, 20, 20, 20, 5, 20, 1, 2, 7, 20, 4, 3, 0, 6, 9, 8, 20, 20, 20]
[20, 20, 20, 4, 20, 20, 20, 1, 3, 7, 20, 5, 2, 0, 6, 9, 8, 20, 20, 20]
[20, 20, 20, 20, 20, 5, 20, 2, 1, 7, 20, 4, 3, 0, 6, 9, 8, 20, 20, 20]
[20, 4, 20, 20, 20, 20, 20, 3, 1, 7, 20, 5, 2, 0, 6, 9, 8, 20, 20, 20]
[20, 5, 20, 4, 20, 20, 20, 2, 3, 7, 20, 8, 1, 0, 6, 20, 20, 20, 9, 20]
[20, 4, 20, 5, 20, 20, 20, 3, 2, 7, 20, 8, 1, 0, 6, 20, 20, 20, 9, 20]
