[20, 20, 20, 7, 20, 20, 20, 0, 1, 5, 20, 8, 2, 3, 4, 20, 9, 10, 6, 20]
[20, 20, 20, 9, 20, 20, 20, 0, 1, 5, 20, 6, 3, 2, 4, 10, 8, 20, 7, 20]
[20, 20, 20, 8, 20, 20, 20, 0, 2, 5, 20, 7, 1, 3, 4, 20, 9, 10, 6, 20]
[20, 20, 20, 8, 6, 20, 20, 0, 3, 5, 20, 9, 1, 2, 4, 20, 10, 20, 7, 20]
[20, 20, 20, 20, 20, 20, 20, 0, 2, 9, 10, 4, 3, 1, 7, 6, 5, 8, 20, 20]
[20, 20, 20, 20, 20, 20, 20, 0, 3, 9, 10, 4, 2, 1, 7, 6, 5, 8, 20, 20]
[20, 7, 20, 20, 20, 20, 20, 1, 0, 5, 20, 8, 2, 3, 4, 20, 9, 10, 6, 20]
[20, 9, 20, 20, 20, 20, 20, 1, 0, 5, 20, 6, 3, 2, 4, 10, 8, 20, 7, 20]
[20, 8, 20, 20, 20, 20, 20, 2, 0, 5, 20, 7, 1, 3, 4, 20, 9, 10, 6, 20]
[20, 8, 20, 20, 6, 20, 20, 3, 0, 5, 20, 9, 1, 2, 4, 20, 10, 20, 7, 20]
[20, 20, 20, 20, 20, 20, 20, 2, 0, 9, 10, 4, 3, 1, 7, 6, 5, 8, 20, 20]
[20, 20, 20, 20, 20, 20, 20, 3, 0, 9, 10, 4, 2, 1, 7, 6, 5, 8, 20, 20]
[20, 7, 10, 8, 9, 20, 20, 1, 2, 5, 20, 20, 0, 3, 4, 20, 20, 20, 6, 20]
[20, 9, 10, 8, 6, 20, 20, 1, 3, 5, 20, 20, 0, 2, 4, 20, 20, 20, 7, 20]
[20, 8, 10, 7, 9, 20, 20, 2, 1, 5, 20, 20, 0, 3, 4, 20, 20, 20, 6, 20]
[20, 8, 10, 9, 6, 20, 20, 3, 1, 5, 20, 20, 0, 2, 4, 20, 20, 20, 7, 20]
[20, 20, 20, 8, 20, 20, 20, 2, 3, 9, 20, 4, 0, 1, 7, 6, 5, 10, 20, 20]
[20, 20, 20, 8, 20, 20, 20, 3, 2, 9, 20, 4, 0, 1, 7, 6, 5, 10, 20, 20]
[20, 20, 20, 9, 20, 20, 20, 1, 2, 5, 20, 6, 3, 0, 4, 10, 8, 20, 7, 20]
[20, 20, 20, 20, 6, 20, 20, 1, 3, 5, 20, 8, 2, 0, 4, 20, 9, 10, 7, 20]
[20, 20, 20, 9, 20, 20, 20, 2, 1, 5, 20, 6, 3, 0, 4, 10, 8, 20, 7, 20]
[20, 20, 20, 20, 6, 20, 20, 3, 1, 5, 20, 8, 2, 0, 4, 20, 9, 10, 7, 20]
[20, 20, 20, 8, 6, 20, 20, 2, 3, 5, 20, 9, 1, 0, 4, 20, 10, 20, 7, 20]
[20, 20, 20, 8, 6, 20, 20, 3, 2, 5, 20, 9, 1, 0, 4, 20, 10, 20, 7, 20]
