[20, 0, 1, 4, 6, 20, 2, 3, 5, 8, 20, 20, 7, 20, 20, 20, 20, 20, 20, 20]
[20, 0, 1, 4, 20, 5, 3, 2, 20, 20, 6, 7, 20, 20, 20, 8, 20, 20, 20, 20]
[20, 0, 2, 6, 8, 4, 1, 3, 5, 20, 20, 20, 7, 20, 20, 20, 20, 20, 20, 20]
[7, 0, 3, 6, 20, 4, 1, 2, 20, 20, 5, 8, 20, 20, 20, 20, 20, 20, 20, 20]
[20, 0, 2, 20, 20, 7, 3, 1, 4, 20, 20, 6, 5, 8, 20, 20, 20, 20, 20, 20]
[20, 0, 3, 20, 20, 7, 2, 1, 4, 20, 20, 6, 5, 8, 20, 20, 20, 20, 20, 20]
[4, 1, 0, 6, 8, 20, 2, 3, 5, 20, 20, 20, 7, 20, 20, 20, 20, 20, 20, 20]
[4, 1, 0, 7, 20, 5, 3, 2, 20, 20, 6, 8, 20, 20, 20, 20, 20, 20, 20, 20]
[20, 2, 0, 6, 8, 4, 1, 3, 5, 20, 20, 20, 7, 20, 20, 20, 20, 20, 20, 20]
[7, 3, 0, 6, 20, 4, 1, 2, 20, 20, 5, 8, 20, 20, 20, 20, 20, 20, 20, 20]
[20, 2, 0, 20, 20, 7, 3, 1, 4, 20, 20, 6, 5, 8, 20, 20, 20, 20, 20, 20]
[20, 3, 0, 20, 20, 7, 2, 1, 4, 20, 20, 6, 5, 8, 20, 20, 20, 20, 20, 20]
[20, 4, 20, 20, 20, 0, 1, 6, 8, 20, 2, 3, 5, 20, 20, 20, 7, 20, 20, 20]
[20, 4, 20, 5, 20, 0, 1, 20, 20, 20, 3, 2, 8, 20, 20, 6, 7, 20, 20, 20]
[20, 20, 20, 4, 20, 0, 2, 6, 8, 20, 1, 3, 5, 20, 20, 20, 7, 20, 20, 20]
[20, 20, 20, 4, 20, 0, 3, 20, 20, 20, 1, 2, 7, 20, 20, 5, 6, 8, 20, 20]
[20, 20, 20, 20, 20, 0, 2, 7, 20, 20, 3, 1, 4, 20, 20, 6, 5, 8, 20, 20]
[20, 20, 20, 20, 20, 0, 3, 7, 20, 20, 2, 1, 4, 20, 20, 6, 5, 8, 20, 20]
[4, 1, 2, 6, 8, 20, 0, 3, 5, 20, 20, 20, 7, 20, 20, 20, 20, 20, 20, 20]
[4, 1, 3, 5, 20, 6, 0, 2, 8, 20, 7, 20, 20, 20, 20, 20, 20, 20, 20, 20]
[20, 2, 1, 4, 6, 20, 0, 3, 5, 8, 20, 20, 7, 20, 20, 20, 20, 20, 20, 20]
[5, 3, 1, 4, 20, 6, 0, 2, 8, 20, 7, 20, 20, 20, 20, 20, 20, 20, 20, 20]
[4, 20, 20, 20, 20, 1, 0, 6, 8, 20, 2, 3, 5, 20, 20, 20, 7, 20, 20, 20]
[4, 20, 20, 5, 20, 1, 0, 20, 20, 20, 3, 2, 8, 20, 20, 6, 7, 20, 20, 20]
[20, 2, 3, 20, 20, 7, 0, 1, 4, 20, 20, 6, 5, 8, 20, 20, 20, 20, 20, 20]
[20, 3, 2, 20, 20, 7, 0, 1, 4, 20, 20, 6, 5, 8, 20, 20, 20, 20, 20, 20]
[20, 20, 20, 4, 20, 2, 0, 6, 8, 20, 1, 3, 5, 20, 20, 20, 7, 20, 20, 20]
[20, 20, 20, 4, 20, 3, 0, 20, 20, 20, 1, 2, 7, 20, 20, 5, 6, 8, 20, 20]
[20, 20, 20, 20, 20, 2, 0, 7, 20, 20, 3, 1, 4, 20, 20, 6, 5, 8, 20, 20]
[20, 20, 20, 20, 20, 3, 0, 7, 20, 20, 2, 1, 4, 20, 20, 6, 5, 8, 20, 20]
[4, 1, 2, 7, 8, 5, 3, 0, 6, 20, 20, 20, 20, 20, 20, 20, 20, 20, 20, 20]
[4, 1, 3, 5, 7, 20, 2, 0, 6, 8, 20, 20, 20, 20, 20, 20, 20, 20, 20, 20]
[20, 2, 1, 4, 7, 5, 3, 0, 6, 8, 20, 20, 20, 20, 20, 20, 20, 20, 20, 20]
[5, 3, 1, 4, 7, 20, 2, 0, 6, 8, 20, 20, 20, 20, 20, 20, 20, 20, 20, 20]
[7, 2, 3, 6, 20, 4, 1, 0, 20, 20, 5, 8, 20, 20, 20, 20, 20, 20, 20, 20]
[7, 3, 2, 6, 20, 4, 1, 0, 20, 20, 5, 8, 20, 20, 20, 20, 20, 20, 20, 20]
[20, 20, 20, 4, 20, 20, 20, 0, 1, 6, 20, 8, 2, 3, 5, 20, 20, 20, 7, 20]
[20, 20, 20, 4, 20, 20, 20, 0, 1, 20, 20, 5, 3, 2, 20, 7, 6, 8, 20, 20]
[20, 20, 20, 20, 20, 20, 20, 0, 2, 6, 20, 4, 1, 3, 5, 20, 8, 20, 7, 20]
[20, 20, 20, 20, 20, 20, 20, 0, 3, 20, 7, 4, 1, 2, 20, 6, 5, 8, 20, 20]
[20, 20, 20, 20, 20, 20, 20, 0, 2, 6, 20, 7, 3, 1, 4, 20, 8, 20, 5, 20]
[20, 20, 20, 20, 7, 20, 20, 0, 3, 6, 20, 8, 2, 1, 4, 20, 20, 20, 5, 20]
[20, 4, 20, 20, 20, 20, 20, 1, 0, 6, 20, 8, 2, 3, 5, 20, 20, 20, 7, 20]
[20, 4, 20, 20, 20, 20, 20, 1, 0, 20, 20, 5, 3, 2, 20, 7, 6, 8, 20, 20]
[20, 20, 20, 20, 20, 20, 20, 2, 0, 6, 20, 4, 1, 3, 5, 20, 8, 20, 7, 20]
[20, 20, 20, 20, 20, 20, 20, 3, 0, 20, 7, 4, 1, 2, 20, 6, 5, 8, 20, 20]
[20, 20, 20, 20, 20, 20, 20, 2, 0, 6, 20, 7, 3, 1, 4, 20, 8, 20, 5, 20]
[20, 20, 20, 20, 7, 20, 20, 3, 0, 6, 20, 8, 2, 1, 4, 20, 20, 20, 5, 20]
[4, 20, 20, 20, 20, 1, 2, 6, 8, 20, 0, 3, 5, 20, 20, 20, 7, 20, 20, 20]
[4, 5, 7, 6, 20, 1, 3, 20, 20, 20, 0, 2, 8, 20, 20, 20, 20, 20, 20, 20]
[20, 4, 20, 20, 20, 2, 1, 6, 8, 20, 0, 3, 5, 20, 20, 20, 7, 20, 20, 20]
[7, 4, 5, 6, 20, 3, 1, 20, 20, 20, 0, 2, 8, 20, 20, 20, 20, 20, 20, 20]
[20, 20, 20, 20, 20, 2, 3, 7, 20, 20, 0, 1, 4, 20, 20, 6, 5, 8, 20, 20]
[20, 20, 20, 20, 20, 3, 2, 7, 20, 20, 0, 1, 4, 20, 20, 6, 5, 8, 20, 20]
[4, 20, 20, 5, 20, 1, 2, 7, 8, 20, 3, 0, 6, 20, 20, 20, 20, 20, 20, 20]
[4, 5, 20, 20, 20, 1, 3, 7, 8, 20, 2, 0, 6, 20, 20, 20, 20, 20, 20, 20]
[20, 4, 20, 5, 20, 2, 1, 7, 8, 20, 3, 0, 6, 20, 20, 20, 20, 20, 20, 20]
[20, 4, 5, 20, 20, 3, 1, 7, 8, 20, 2, 0, 6, 20, 20, 20, 20, 20, 20, 20]
[20, 20, 20, 4, 20, 2, 3, 20, 20, 20, 1, 0, 7, 20, 20, 5, 6, 8, 20, 20]
[20, 20, 20, 4, 20, 3, 2, 20, 20, 20, 1, 0, 7, 20, 20, 5, 6, 8, 20, 20]
[20, 4, 20, 20, 8, 20, 20, 1, 2, 6, 20, 20, 0, 3, 5, 20, 20, 20, 7, 20]
[20, 4, 20, 5, 20, 7, 20, 1, 3, 20, 20, 6, 0, 2, 8, 20, 20, 20, 20, 20]
[20, 20, 20, 4, 8, 20, 20, 2, 1, 6, 20, 20, 0, 3, 5, 20, 20, 20, 7, 20]
[20, 20, 20, 4, 5, 7, 20, 3, 1, 20, 20, 6, 0, 2, 8, 20, 20, 20, 20, 20]
[20, 20, 20, 8, 7, 20, 20, 2, 3, 6, 20, 20, 0, 1, 4, 20, 20, 20, 5, 20]
[20, 20, 20, 8, 7, 20, 20, 3, 2, 6, 20, 20, 0, 1, 4, 20, 20, 20, 5, 20]
[20, 4, 20, 20, 20, 20, 20, 1, 2, 7, 20, 5, 3, 0, 6, 20, 20, 20, 8, 20]
[20, 4, 20, 5, 20, 20, 20, 1, 3, 7, 20, 20, 2, 0, 6, 20, 20, 20, 8, 20]
[20, 20, 20, 4, 20, 20, 20, 2, 1, 7, 20, 5, 3, 0, 6, 20, 20, 20, 8, 20]
[20, 20, 20, 4, 5, 20, 20, 3, 1, 7, 20, 20, 2, 0, 6, 20, 20, 20, 8, 20]
[20, 20, 20, 20, 20, 20, 20, 2, 3, 20, 7, 4, 1, 0, 20, 6, 5, 8, 20, 20]
[20, 20, 20, 20, 20, 20, 20, 3, 2, 20, 7, 4, 1, 0, 20, 6, 5, 8, 20, 20]
