[20, 2, 20, 20, 20, 20, 20, 7, 8, 20, 20, 0, 9, 10, 1, 5, 4, 6, 3, 20]
[20, 2, 6, 5, 20, 20, 20, 7, 8, 20, 20, 1, 10, 9, 0, 20, 3, 20, 4, 20]
[20, 2, 20, 0, 20, 6, 20, 7, 9, 20, 20, 4, 8, 10, 1, 20, 5, 20, 3, 20]
[20, 2, 6, 1, 3, 20, 20, 7, 10, 20, 20, 5, 8, 9, 0, 20, 20, 20, 4, 20]
[20, 2, 20, 0, 20, 20, 20, 7, 9, 5, 20, 1, 10, 8, 4, 20, 3, 20, 6, 20]
[20, 2, 20, 1, 3, 20, 20, 7, 10, 5, 20, 0, 9, 8, 4, 20, 20, 20, 6, 20]
[20, 20, 20, 2, 20, 20, 20, 8, 7, 20, 20, 0, 9, 10, 1, 5, 4, 6, 3, 20]
[20, 5, 20, 2, 6, 20, 20, 8, 7, 20, 20, 1, 10, 9, 0, 20, 3, 20, 4, 20]
[20, 0, 20, 2, 20, 6, 20, 9, 7, 20, 20, 4, 8, 10, 1, 20, 5, 20, 3, 20]
[20, 3, 20, 1, 2, 20, 20, 10, 7, 6, 20, 5, 8, 9, 0, 20, 20, 20, 4, 20]
[20, 0, 20, 2, 20, 20, 20, 9, 7, 5, 20, 1, 10, 8, 4, 20, 3, 20, 6, 20]
[20, 3, 20, 1, 2, 20, 20, 10, 7, 5, 20, 0, 9, 8, 4, 20, 20, 20, 6, 20]
[20, 20, 20, 0, 20, 20, 20, 8, 9, 20, 20, 2, 7, 10, 1, 5, 4, 6, 3, 20]
[20, 5, 20, 3, 20, 20, 20, 8, 10, 20, 20, 1, 7, 9, 0, 20, 2, 6, 4, 20]
[20, 0, 20, 20, 20, 20, 20, 9, 8, 20, 20, 2, 7, 10, 1, 5, 4, 6, 3, 20]
[20, 3, 20, 5, 20, 20, 20, 10, 8, 20, 20, 1, 7, 9, 0, 20, 2, 6, 4, 20]
[20, 0, 20, 3, 20, 20, 20, 9, 10, 5, 20, 1, 7, 8, 4, 20, 2, 20, 6, 20]
[20, 3, 20, 0, 20, 20, 20, 10, 9, 5, 20, 1, 7, 8, 4, 20, 2, 20, 6, 20]
[20, 20, 20, 0, 4, 20, 20, 8, 9, 5, 20, 3, 10, 7, 1, 20, 6, 20, 2, 20]
[20, 20, 20, 3, 20, 20, 20, 8, 10, 20, 20, 0, 9, 7, 1, 5, 4, 6, 2, 20]
[20, 0, 6, 4, 5, 20, 20, 9, 8, 20, 20, 3, 10, 7, 1, 20, 20, 20, 2, 20]
[20, 3, 20, 20, 20, 20, 20, 10, 8, 20, 20, 0, 9, 7, 1, 5, 4, 6, 2, 20]
[20, 0, 20, 3, 20, 6, 20, 9, 10, 20, 20, 4, 8, 7, 1, 20, 5, 20, 2, 20]
[20, 3, 20, 0, 20, 6, 20, 10, 9, 20, 20, 4, 8, 7, 1, 20, 5, 20, 2, 20]
