[20, 20, 20, 20, 20, 20, 20, 7, 8, 20, 6, 1, 9, 10, 0, 4, 3, 5, 2, 20]
[20, 20, 20, 20, 20, 20, 20, 7, 8, 20, 6, 2, 10, 9, 0, 4, 3, 5, 1, 20]
[20, 20, 20, 1, 20, 20, 20, 7, 9, 4, 20, 3, 8, 10, 0, 6, 5, 20, 2, 20]
[20, 20, 20, 20, 20, 20, 20, 7, 10, 20, 6, 2, 8, 9, 0, 4, 3, 5, 1, 20]
[20, 20, 20, 1, 6, 5, 20, 7, 9, 4, 20, 3, 10, 8, 0, 20, 20, 20, 2, 20]
[20, 20, 20, 20, 20, 20, 20, 7, 10, 20, 6, 1, 9, 8, 0, 4, 3, 5, 2, 20]
[20, 20, 20, 20, 20, 20, 20, 8, 7, 20, 6, 1, 9, 10, 0, 4, 3, 5, 2, 20]
[20, 20, 20, 20, 20, 20, 20, 8, 7, 20, 6, 2, 10, 9, 0, 4, 3, 5, 1, 20]
[20, 1, 20, 20, 20, 20, 20, 9, 7, 4, 20, 3, 8, 10, 0, 6, 5, 20, 2, 20]
[20, 20, 20, 20, 20, 20, 20, 10, 7, 20, 6, 2, 8, 9, 0, 4, 3, 5, 1, 20]
[20, 1, 20, 20, 6, 5, 20, 9, 7, 4, 20, 3, 10, 8, 0, 20, 20, 20, 2, 20]
[20, 20, 20, 20, 20, 20, 20, 10, 7, 20, 6, 1, 9, 8, 0, 4, 3, 5, 2, 20]
[20, 20, 20, 1, 3, 6, 20, 8, 9, 4, 20, 5, 7, 10, 0, 20, 20, 20, 2, 20]
[20, 20, 20, 3, 20, 20, 20, 8, 10, 4, 20, 2, 7, 9, 0, 6, 5, 20, 1, 20]
[20, 1, 20, 3, 20, 6, 20, 9, 8, 4, 20, 5, 7, 10, 0, 20, 20, 20, 2, 20]
[20, 20, 20, 3, 20, 20, 20, 10, 8, 4, 20, 2, 7, 9, 0, 6, 5, 20, 1, 20]
[20, 1, 20, 3, 20, 6, 20, 9, 10, 4, 20, 5, 7, 8, 0, 20, 20, 20, 2, 20]
[20, 20, 20, 1, 3, 6, 20, 10, 9, 4, 20, 5, 7, 8, 0, 20, 20, 20, 2, 20]
[20, 20, 20, 1, 6, 5, 20, 8, 9, 4, 20, 3, 10, 7, 0, 20, 20, 20, 2, 20]
[20, 20, 20, 20, 20, 20, 20, 8, 10, 20, 6, 1, 9, 7, 0, 4, 3, 5, 2, 20]
[20, 1, 20, 20, 6, 5, 20, 9, 8, 4, 20, 3, 10, 7, 0, 20, 20, 20, 2, 20]
[20, 20, 20, 20, 20, 20, 20, 10, 8, 20, 6, 1, 9, 7, 0, 4, 3, 5, 2, 20]
[20, 1, 20, 20, 20, 20, 20, 9, 10, 4, 20, 3, 8, 7, 0, 6, 5, 20, 2, 20]
[20, 20, 20, 1, 20, 20, 20, 10, 9, 4, 20, 3, 8, 7, 0, 6, 5, 20, 2, 20]
