rd53_138
999999999 999999999 999999999 999999999 999999999 999999999 999999999 999999999 999999999 
4gt13-v1_93
999999999 999999999 999999999 999999999 999999999 999999999 999999999 999999999 999999999 
mod5mils_65
999999999 999999999 999999999 999999999 999999999 999999999 999999999 999999999 999999999 
mod5d1_63
999999999 999999999 999999999 999999999 999999999 999999999 999999999 999999999 999999999 
sym10_262
999999999 999999999 999999999 999999999 999999999 999999999 999999999 999999999 999999999 
aj-e11_165
999999999 999999999 999999999 999999999 999999999 999999999 999999999 999999999 999999999 
hwb9_119
999999999 999999999 999999999 999999999 999999999 999999999 999999999 999999999 999999999 
4gt11_83
999999999 999999999 999999999 999999999 999999999 999999999 999999999 999999999 999999999 
cm42a_207
999999999 999999999 999999999 999999999 999999999 999999999 999999999 999999999 999999999 
4gt4-v0_72
999999999 999999999 999999999 999999999 999999999 999999999 999999999 999999999 999999999 
max46_240
999999999 999999999 999999999 999999999 999999999 999999999 999999999 999999999 999999999 
dc2_222
999999999 999999999 999999999 999999999 999999999 999999999 999999999 999999999 999999999 
sym9_193
999999999 999999999 999999999 999999999 999999999 999999999 999999999 999999999 999999999 
rd53_135
999999999 999999999 999999999 999999999 999999999 999999999 999999999 999999999 999999999 
mod10_171
999999999 999999999 999999999 999999999 999999999 999999999 999999999 999999999 999999999 
ising_model_13
999999999 999999999 999999999 999999999 999999999 999999999 999999999 999999999 999999999 
adr4_197
999999999 999999999 999999999 999999999 999999999 999999999 999999999 999999999 999999999 
4gt11_84
999999999 999999999 999999999 999999999 999999999 999999999 999999999 999999999 999999999 
4gt11_82
999999999 999999999 999999999 999999999 999999999 999999999 999999999 999999999 999999999 
wim_266
999999999 999999999 999999999 999999999 999999999 999999999 999999999 999999999 999999999 
rd53_131
999999999 999999999 999999999 999999999 999999999 999999999 999999999 999999999 999999999 
mod8-10_177
999999999 999999999 999999999 999999999 999999999 999999999 999999999 999999999 999999999 
4gt10-v1_81
999999999 999999999 999999999 999999999 999999999 999999999 999999999 999999999 999999999 
alu-v1_28
999999999 999999999 999999999 999999999 999999999 999999999 999999999 999999999 999999999 
cnt3-5_179
999999999 999999999 999999999 999999999 999999999 999999999 999999999 999999999 999999999 
square_root_7
999999999 999999999 999999999 999999999 999999999 999999999 999999999 999999999 999999999 
one-two-three-v1_99
999999999 999999999 999999999 999999999 999999999 999999999 999999999 999999999 999999999 
mini_alu_305
999999999 999999999 999999999 999999999 999999999 999999999 999999999 999999999 999999999 
rd53_311
999999999 999999999 999999999 999999999 999999999 999999999 999999999 999999999 999999999 
3_17_13
999999999 999999999 999999999 999999999 999999999 999999999 999999999 999999999 999999999 
rd73_252
999999999 999999999 999999999 999999999 999999999 999999999 999999999 999999999 999999999 
4gt4-v0_80
999999999 999999999 999999999 999999999 999999999 999999999 999999999 999999999 999999999 
hwb7_59
999999999 999999999 999999999 999999999 999999999 999999999 999999999 999999999 999999999 
ham3_102
999999999 999999999 999999999 999999999 999999999 999999999 999999999 999999999 999999999 
cnt3-5_180
999999999 999999999 999999999 999999999 999999999 999999999 999999999 999999999 999999999 
rd53_133
999999999 999999999 999999999 999999999 999999999 999999999 999999999 999999999 999999999 
4mod7-v0_94
999999999 999999999 999999999 999999999 999999999 999999999 999999999 999999999 999999999 
plus63mod4096_163
999999999 999999999 999999999 999999999 999999999 999999999 999999999 999999999 999999999 
mini-alu_167
999999999 999999999 999999999 999999999 999999999 999999999 999999999 999999999 999999999 
root_255
999999999 999999999 999999999 999999999 999999999 999999999 999999999 999999999 999999999 
z4_268
999999999 999999999 999999999 999999999 999999999 999999999 999999999 999999999 999999999 
majority_239
999999999 999999999 999999999 999999999 999999999 999999999 999999999 999999999 999999999 
ex2_227
999999999 999999999 999999999 999999999 999999999 999999999 999999999 999999999 999999999 
urf2_277
999999999 999999999 999999999 999999999 999999999 999999999 999999999 999999999 999999999 
one-two-three-v3_101
999999999 999999999 999999999 999999999 999999999 999999999 999999999 999999999 999999999 
4gt13_91
999999999 999999999 999999999 999999999 999999999 999999999 999999999 999999999 999999999 
4gt12-v1_89
999999999 999999999 999999999 999999999 999999999 999999999 999999999 999999999 999999999 
sqrt8_260
999999999 999999999 999999999 999999999 999999999 999999999 999999999 999999999 999999999 
rd32-v0_66
999999999 999999999 999999999 999999999 999999999 999999999 999999999 999999999 999999999 
sym9_148
999999999 999999999 999999999 999999999 999999999 999999999 999999999 999999999 999999999 
4gt5_75
999999999 999999999 999999999 999999999 999999999 999999999 999999999 999999999 999999999 
0410184_169
999999999 999999999 999999999 999999999 999999999 999999999 999999999 999999999 999999999 
urf2_152
999999999 999999999 999999999 999999999 999999999 999999999 999999999 999999999 999999999 
urf1_278
999999999 999999999 999999999 999999999 999999999 999999999 999999999 999999999 999999999 
sym6_145
999999999 999999999 999999999 999999999 999999999 999999999 999999999 999999999 999999999 
alu-v2_32
999999999 999999999 999999999 999999999 999999999 999999999 999999999 999999999 999999999 
4gt12-v0_88
999999999 999999999 999999999 999999999 999999999 999999999 999999999 999999999 999999999 
squar5_261
999999999 999999999 999999999 999999999 999999999 999999999 999999999 999999999 999999999 
alu-v2_31
999999999 999999999 999999999 999999999 999999999 999999999 999999999 999999999 999999999 
hwb5_53
999999999 999999999 999999999 999999999 999999999 999999999 999999999 999999999 999999999 
one-two-three-v2_100
999999999 999999999 999999999 999999999 999999999 999999999 999999999 999999999 999999999 
cycle10_2_110
999999999 999999999 999999999 999999999 999999999 999999999 999999999 999999999 999999999 
urf6_160
999999999 999999999 999999999 999999999 999999999 999999999 999999999 999999999 999999999 
ising_model_10
999999999 999999999 999999999 999999999 999999999 999999999 999999999 999999999 999999999 
sys6-v0_111
999999999 999999999 999999999 999999999 999999999 999999999 999999999 999999999 999999999 
plus63mod8192_164
999999999 999999999 999999999 999999999 999999999 999999999 999999999 999999999 999999999 
mod5adder_127
999999999 999999999 999999999 999999999 999999999 999999999 999999999 999999999 999999999 
rd73_140
999999999 999999999 999999999 999999999 999999999 999999999 999999999 999999999 999999999 
4mod5-v1_23
999999999 999999999 999999999 999999999 999999999 999999999 999999999 999999999 999999999 
graycode6_47
999999999 999999999 999999999 999999999 999999999 999999999 999999999 999999999 999999999 
ising_model_16
999999999 999999999 999999999 999999999 999999999 999999999 999999999 999999999 999999999 
ham7_104
999999999 999999999 999999999 999999999 999999999 999999999 999999999 999999999 999999999 
ex-1_166
999999999 999999999 999999999 999999999 999999999 999999999 999999999 999999999 999999999 
decod24-v3_45
999999999 999999999 999999999 999999999 999999999 999999999 999999999 999999999 999999999 
urf4_187
999999999 999999999 999999999 999999999 999999999 999999999 999999999 999999999 999999999 
life_238
999999999 999999999 999999999 999999999 999999999 999999999 999999999 999999999 999999999 
con1_216
999999999 999999999 999999999 999999999 999999999 999999999 999999999 999999999 999999999 
hwb6_56
999999999 999999999 999999999 999999999 999999999 999999999 999999999 999999999 999999999 
mod10_176
999999999 999999999 999999999 999999999 999999999 999999999 999999999 999999999 999999999 
ex1_226
999999999 999999999 999999999 999999999 999999999 999999999 999999999 999999999 999999999 
sf_276
999999999 999999999 999999999 999999999 999999999 999999999 999999999 999999999 999999999 
cm152a_212
999999999 999999999 999999999 999999999 999999999 999999999 999999999 999999999 999999999 
4gt12-v0_87
999999999 999999999 999999999 999999999 999999999 999999999 999999999 999999999 999999999 
decod24-enable_126
999999999 999999999 999999999 999999999 999999999 999999999 999999999 999999999 999999999 
radd_250
999999999 999999999 999999999 999999999 999999999 999999999 999999999 999999999 999999999 
pm1_249
999999999 999999999 999999999 999999999 999999999 999999999 999999999 999999999 999999999 
sf_274
999999999 999999999 999999999 999999999 999999999 999999999 999999999 999999999 999999999 
miller_11
999999999 999999999 999999999 999999999 999999999 999999999 999999999 999999999 999999999 
rd53_251
999999999 999999999 999999999 999999999 999999999 999999999 999999999 999999999 999999999 
mlp4_245
999999999 999999999 999999999 999999999 999999999 999999999 999999999 999999999 999999999 
9symml_195
999999999 999999999 999999999 999999999 999999999 999999999 999999999 999999999 999999999 
rd84_142
999999999 999999999 999999999 999999999 999999999 999999999 999999999 999999999 999999999 
inc_237
999999999 999999999 999999999 999999999 999999999 999999999 999999999 999999999 999999999 
sqn_258
999999999 999999999 999999999 999999999 999999999 999999999 999999999 999999999 999999999 
alu-v2_33
999999999 999999999 999999999 999999999 999999999 999999999 999999999 999999999 999999999 
sao2_257
999999999 999999999 999999999 999999999 999999999 999999999 999999999 999999999 999999999 
co14_215
999999999 999999999 999999999 999999999 999999999 999999999 999999999 999999999 999999999 
decod24-v1_41
999999999 999999999 999999999 999999999 999999999 999999999 999999999 999999999 999999999 
4mod5-v0_20
999999999 999999999 999999999 999999999 999999999 999999999 999999999 999999999 999999999 
alu-v4_37
999999999 999999999 999999999 999999999 999999999 999999999 999999999 999999999 999999999 
urf3_155
999999999 999999999 999999999 999999999 999999999 999999999 999999999 999999999 999999999 
misex1_241
999999999 999999999 999999999 999999999 999999999 999999999 999999999 999999999 999999999 
alu-v0_27
999999999 999999999 999999999 999999999 999999999 999999999 999999999 999999999 999999999 
4mod5-v1_24
999999999 999999999 999999999 999999999 999999999 999999999 999999999 999999999 999999999 
4mod7-v1_96
999999999 999999999 999999999 999999999 999999999 999999999 999999999 999999999 999999999 
cm82a_208
999999999 999999999 999999999 999999999 999999999 999999999 999999999 999999999 999999999 
ham15_107
999999999 999999999 999999999 999999999 999999999 999999999 999999999 999999999 999999999 
0example
999999999 999999999 999999999 999999999 999999999 999999999 999999999 999999999 999999999 
dc1_220
999999999 999999999 999999999 999999999 999999999 999999999 999999999 999999999 999999999 
4gt4-v1_74
999999999 999999999 999999999 999999999 999999999 999999999 999999999 999999999 999999999 
rd32-v1_68
999999999 999999999 999999999 999999999 999999999 999999999 999999999 999999999 999999999 
decod24-v0_38
999999999 999999999 999999999 999999999 999999999 999999999 999999999 999999999 999999999 
sym6_316
999999999 999999999 999999999 999999999 999999999 999999999 999999999 999999999 999999999 
alu-v0_26
999999999 999999999 999999999 999999999 999999999 999999999 999999999 999999999 999999999 
clip_206
999999999 999999999 999999999 999999999 999999999 999999999 999999999 999999999 999999999 
4mod5-v0_18
999999999 999999999 999999999 999999999 999999999 999999999 999999999 999999999 999999999 
cm85a_209
999999999 999999999 999999999 999999999 999999999 999999999 999999999 999999999 999999999 
alu-v4_36
999999999 999999999 999999999 999999999 999999999 999999999 999999999 999999999 999999999 
one-two-three-v0_97
999999999 999999999 999999999 999999999 999999999 999999999 999999999 999999999 999999999 
4gt13_90
999999999 999999999 999999999 999999999 999999999 999999999 999999999 999999999 999999999 
mod5d2_64
999999999 999999999 999999999 999999999 999999999 999999999 999999999 999999999 999999999 
ground_state_estimation_10
999999999 999999999 999999999 999999999 999999999 999999999 999999999 999999999 999999999 
C17_204
999999999 999999999 999999999 999999999 999999999 999999999 999999999 999999999 999999999 
4gt13_92
999999999 999999999 999999999 999999999 999999999 999999999 999999999 999999999 999999999 
rd53_130
999999999 999999999 999999999 999999999 999999999 999999999 999999999 999999999 999999999 
alu-v3_34
999999999 999999999 999999999 999999999 999999999 999999999 999999999 999999999 999999999 
decod24-bdd_294
999999999 999999999 999999999 999999999 999999999 999999999 999999999 999999999 999999999 
4gt5_76
999999999 999999999 999999999 999999999 999999999 999999999 999999999 999999999 999999999 
sym9_146
999999999 999999999 999999999 999999999 999999999 999999999 999999999 999999999 999999999 
4mod5-v1_22
999999999 999999999 999999999 999999999 999999999 999999999 999999999 999999999 999999999 
rd32_270
999999999 999999999 999999999 999999999 999999999 999999999 999999999 999999999 999999999 
hwb4_49
999999999 999999999 999999999 999999999 999999999 999999999 999999999 999999999 999999999 
urf5_280
999999999 999999999 999999999 999999999 999999999 999999999 999999999 999999999 999999999 
4gt5_77
999999999 999999999 999999999 999999999 999999999 999999999 999999999 999999999 999999999 
rd84_253
999999999 999999999 999999999 999999999 999999999 999999999 999999999 999999999 999999999 
4_49_16
999999999 999999999 999999999 999999999 999999999 999999999 999999999 999999999 999999999 
qft_10
999999999 999999999 999999999 999999999 999999999 999999999 999999999 999999999 999999999 
4mod5-bdd_287
999999999 999999999 999999999 999999999 999999999 999999999 999999999 999999999 999999999 
qft_16
999999999 999999999 999999999 999999999 999999999 999999999 999999999 999999999 999999999 
urf1_149
999999999 999999999 999999999 999999999 999999999 999999999 999999999 999999999 999999999 
urf5_158
999999999 999999999 999999999 999999999 999999999 999999999 999999999 999999999 999999999 
urf3_279
999999999 999999999 999999999 999999999 999999999 999999999 999999999 999999999 999999999 
4gt12-v0_86
999999999 999999999 999999999 999999999 999999999 999999999 999999999 999999999 999999999 
4gt4-v0_73
999999999 999999999 999999999 999999999 999999999 999999999 999999999 999999999 999999999 
alu-v1_29
999999999 999999999 999999999 999999999 999999999 999999999 999999999 999999999 999999999 
alu-bdd_288
999999999 999999999 999999999 999999999 999999999 999999999 999999999 999999999 999999999 
decod24-v2_43
999999999 999999999 999999999 999999999 999999999 999999999 999999999 999999999 999999999 
mod8-10_178
999999999 999999999 999999999 999999999 999999999 999999999 999999999 999999999 999999999 
one-two-three-v0_98
999999999 999999999 999999999 999999999 999999999 999999999 999999999 999999999 999999999 
4gt4-v0_78
999999999 999999999 999999999 999999999 999999999 999999999 999999999 999999999 999999999 
4mod5-v0_19
999999999 999999999 999999999 999999999 999999999 999999999 999999999 999999999 999999999 
alu-v2_30
999999999 999999999 999999999 999999999 999999999 999999999 999999999 999999999 999999999 
alu-v3_35
999999999 999999999 999999999 999999999 999999999 999999999 999999999 999999999 999999999 
dist_223
999999999 999999999 999999999 999999999 999999999 999999999 999999999 999999999 999999999 
4gt4-v0_79
999999999 999999999 999999999 999999999 999999999 999999999 999999999 999999999 999999999 
hwb8_113
999999999 999999999 999999999 999999999 999999999 999999999 999999999 999999999 999999999 
ex3_229
999999999 999999999 999999999 999999999 999999999 999999999 999999999 999999999 999999999 
xor5_254
999999999 999999999 999999999 999999999 999999999 999999999 999999999 999999999 999999999 
f2_232
999999999 999999999 999999999 999999999 999999999 999999999 999999999 999999999 999999999 
