4mod5-v1_24
16 0 0.0046193599700927734
decod24-v3_45
64 30 0.029282569885253906
3_17_13
17 0 0.004084110260009766
alu-v1_28
18 3 0.00424957275390625
decod24-v1_41
38 48 0.016249895095825195
4mod5-v1_23
32 30 0.013453483581542969
sys6-v0_111
98 66 0.05817556381225586
4gt4-v0_80
79 39 0.044185638427734375
4gt5_75
38 42 0.0205841064453125
alu-bdd_288
38 12 0.011876106262207031
4gt13_91
49 6 0.017180204391479492
mini_alu_305
77 96 0.04014229774475098
ising_model_10
90 0 0.035184621810913086
alu-v0_27
17 15 0.006118297576904297
4mod5-v0_18
31 9 0.009710073471069336
mod5d1_63
13 0 0.0025565624237060547
4gt13-v1_93
30 0 0.00860905647277832
4gt12-v0_88
86 30 0.042426109313964844
4gt12-v1_89
100 27 0.05317521095275879
4gt11_83
14 0 0.003056049346923828
decod24-v0_38
23 0 0.0059549808502197266
one-two-three-v2_100
32 0 0.009076356887817383
rd32_270
36 30 0.015368223190307617
4gt11_84
9 0 0.0019371509552001953
4gt11_82
18 3 0.004779815673828125
alu-v4_36
51 15 0.019576311111450195
graycode6_47
5 0 0.001392364501953125
rd32-v0_66
16 0 0.0035698413848876953
4mod5-v0_19
16 0 0.0034914016723632812
4gt10-v1_81
66 57 0.0324559211730957
0example
9 6 0.0029282569885253906
ham3_102
11 0 0.0027222633361816406
alu-v2_32
72 72 0.04213380813598633
cnt3-5_179
85 9 0.029942750930786133
alu-v4_37
18 15 0.006479024887084961
alu-v1_29
17 15 0.0060961246490478516
4gt13_90
53 3 0.019702672958374023
one-two-three-v0_98
65 57 0.0327000617980957
xor5_254
5 0 0.0010533332824707031
0410184_169
9 3 0.0034635066986083984
alu-v3_35
18 15 0.005125522613525391
rd32-v1_68
16 0 0.003667593002319336
mod5d2_64
25 18 0.009126901626586914
4gt5_77
58 48 0.027520418167114258
qft_10
90 108 0.05740976333618164
one-two-three-v1_99
59 24 0.027022838592529297
4mod5-v0_20
10 0 0.0023851394653320312
one-two-three-v3_101
32 12 0.012027263641357422
ex-1_166
9 0 0.0020897388458251953
mod10_176
78 78 0.04179716110229492
4mod5-bdd_287
31 24 0.011455774307250977
decod24-v2_43
22 0 0.0055158138275146484
rd53_138
60 39 0.02736830711364746
4mod7-v1_96
72 51 0.03872990608215332
4_49_16
99 60 0.06030559539794922
mod5mils_65
16 0 0.0038497447967529297
ex1_226
5 0 0.0010156631469726562
alu-v0_26
38 3 0.011909961700439453
alu-v2_33
17 3 0.004317283630371094
4mod5-v1_22
11 0 0.0022928714752197266
4gt5_76
46 30 0.019691944122314453
alu-v3_34
24 3 0.006438732147216797
4mod7-v0_94
72 36 0.035318613052368164
aj-e11_165
69 30 0.030651330947875977
decod24-bdd_294
32 21 0.012407302856445312
miller_11
23 0 0.006092548370361328
4gt13_92
30 0 0.007771492004394531
wim_266
427 363 0.66363525390625
rd53_131
200 135 0.18726205825805664
rd53_251
564 336 1.173584222793579
mini-alu_167
126 60 0.08846211433410645
sf_274
336 21 0.4526393413543701
hwb5_53
598 444 1.3554000854492188
rd53_133
256 195 0.2846360206604004
4gt4-v0_79
105 9 0.08513283729553223
ising_model_16
150 0 0.07569313049316406
con1_216
415 324 0.61385178565979
4gt12-v0_87
112 3 0.0600738525390625
cm82a_208
283 153 0.31749701499938965
4gt12-v1_89
100 27 0.05355715751647949
ising_model_13
120 0 0.05365705490112305
4gt4-v1_74
119 57 0.07723546028137207
4gt4-v0_78
109 12 0.0591278076171875
cm152a_212
532 321 1.0478935241699219
rd53_130
448 306 0.7399866580963135
majority_239
267 234 0.308269739151001
C17_204
205 138 0.19166898727416992
ex2_227
275 171 0.30560803413391113
ex3_229
175 168 0.15970730781555176
cnt3-5_180
215 159 0.1842501163482666
alu-v2_30
223 132 0.2197856903076172
mod8-10_177
196 135 0.17645597457885742
ham7_104
149 165 0.14809465408325195
cm42a_207
771 555 2.0694854259490967
decod24-enable_126
149 81 0.10537028312683105
4gt4-v0_73
179 132 0.15771055221557617
rd53_135
134 147 0.09944415092468262
f2_232
525 450 1.0332229137420654
alu-v2_31
198 249 0.20279431343078613
dc1_220
833 192 2.363833427429199
rd84_142
154 141 0.11482548713684082
mod10_171
108 111 0.07846736907958984
4gt12-v0_86
116 3 0.06320762634277344
pm1_249
771 555 2.0628740787506104
sym9_146
148 129 0.11552119255065918
one-two-three-v0_97
128 93 0.09727096557617188
mod8-10_178
152 153 0.13356661796569824
sym6_316
123 48 0.0700998306274414
mod5adder_127
239 240 0.2655916213989258
rd73_140
104 60 0.06100034713745117
qft_16
240 363 0.2607994079589844
4gt4-v0_72
113 93 0.07459616661071777
hwb4_49
107 96 0.0702524185180664
squar5_261
869 480 2.381605386734009
sf_276
336 24 0.45550036430358887
rd53_311
124 102 0.07985329627990723
rd84_253
5960 4446 104.52429556846619
sqrt8_260
1314 1026 5.300053834915161
inc_237
4636 1254 63.24179196357727
square_root_7
3089 1173 25.980467796325684
adr4_197
1498 1308 7.083247900009155
z4_268
1343 942 5.725034236907959
dc2_222
4131 1047 47.39892625808716
sym9_148
9408 5253 272.76929688453674
life_238
9800 6474 281.69054317474365
rd73_252
2319 1599 16.510285139083862
cm85a_209
4986 3912 69.31436562538147
co14_215
7840 7221 164.2513403892517
misex1_241
2100 600 13.567637920379639
radd_250
1405 600 6.2140443325042725
ham15_107
3858 2229 45.44534492492676
mlp4_245
8232 4857 182.30033206939697
hwb6_56
2952 2367 29.501688480377197
root_255
7493 5367 157.72597527503967
cycle10_2_110
2648 1620 20.74117374420166
sym6_145
1701 1059 9.912877321243286
sqn_258
4459 2973 61.61882829666138
urf1_278
26692 18927 2646.15500831604
max46_240
11844 8316 431.8527886867523
urf2_277
10066 7449 322.0828013420105
urf5_280
23764 16170 1958.8030543327332
sym9_193
15232 10524 911.0706405639648
9symml_195
15232 10524 731.4716668128967
sao2_257
16864 13317 1077.749670267105
clip_206
14772 8613 769.8483707904816
hwb7_59
10681 6930 438.86417531967163