4mod5-v1_24
16 3 0.0072133541107177734
decod24-v3_45
64 60 0.03712749481201172
3_17_13
17 24 0.006957292556762695
alu-v1_28
18 27 0.007287502288818359
decod24-v1_41
38 30 0.01507425308227539
4mod5-v1_23
32 33 0.014847278594970703
sys6-v0_111
98 63 0.05867719650268555
4gt4-v0_80
79 84 0.04642939567565918
4gt5_75
38 6 0.013361454010009766
alu-bdd_288
38 57 0.018828868865966797
4gt13_91
49 6 0.018923044204711914
mini_alu_305
77 54 0.045391082763671875
ising_model_10
90 12 0.04969644546508789
alu-v0_27
17 21 0.007158756256103516
4mod5-v0_18
31 33 0.013848066329956055
mod5d1_63
13 0 0.002523183822631836
4gt13-v1_93
30 24 0.015459299087524414
4gt12-v0_88
86 36 0.05117344856262207
4gt11_83
14 0 0.0029277801513671875
decod24-v0_38
23 33 0.011063814163208008
one-two-three-v2_100
32 24 0.014385700225830078
rd32_270
36 21 0.014722108840942383
4gt11_84
9 0 0.002584695816040039
4gt11_82
18 3 0.004662036895751953
alu-v4_36
51 57 0.026988506317138672
graycode6_47
5 6 0.002702951431274414
rd32-v0_66
16 21 0.006687641143798828
4mod5-v0_19
16 12 0.006303548812866211
4gt10-v1_81
66 21 0.03340005874633789
0example
9 6 0.0034551620483398438
ham3_102
11 12 0.004616498947143555
alu-v2_32
72 9 0.0314028263092041
cnt3-5_179
85 81 0.06070685386657715
alu-v4_37
18 18 0.006943702697753906
alu-v1_29
17 21 0.007122993469238281
4gt13_90
53 45 0.022558927536010742
one-two-three-v0_98
65 66 0.036353111267089844
xor5_254
5 3 0.0017247200012207031
0410184_169
9 6 0.0036346912384033203
alu-v3_35
18 18 0.005906820297241211
rd32-v1_68
16 21 0.006702899932861328
mod5d2_64
25 33 0.012606382369995117
4gt5_77
58 66 0.030541181564331055
qft_10
90 120 0.0643613338470459
one-two-three-v1_99
59 78 0.034097909927368164
4mod5-v0_20
10 0 0.002788066864013672
one-two-three-v3_101
32 42 0.017793655395507812
ex-1_166
9 12 0.003499746322631836
mod10_176
78 24 0.04087948799133301
4mod5-bdd_287
31 30 0.012671232223510742
decod24-v2_43
22 36 0.010665178298950195
rd53_138
60 36 0.026625633239746094
4mod7-v1_96
72 45 0.0424344539642334
4_49_16
99 99 0.0659937858581543
mod5mils_65
16 9 0.006222963333129883
ex1_226
5 3 0.0017223358154296875
alu-v0_26
38 57 0.019775390625
alu-v2_33
17 18 0.005950927734375
4mod5-v1_22
11 18 0.0052127838134765625
4gt5_76
46 48 0.021877288818359375
alu-v3_34
24 6 0.007407426834106445
4mod7-v0_94
72 48 0.035717010498046875
aj-e11_165
69 60 0.04074358940124512
decod24-bdd_294
32 45 0.016645431518554688
miller_11
23 36 0.010192155838012695
4gt13_92
30 45 0.014671802520751953
wim_266
427 396 0.6794869899749756
rd53_131
200 186 0.19457244873046875
rd53_251
564 363 1.224609613418579
mini-alu_167
126 42 0.09603357315063477
sf_274
336 285 0.4987142086029053
hwb5_53
598 402 1.3856353759765625
rd53_133
256 102 0.2908203601837158
4gt4-v0_79
105 78 0.0710902214050293
con1_216
415 357 0.6446263790130615
4gt12-v0_87
112 114 0.07579827308654785
cm82a_208
283 303 0.3335399627685547
4gt12-v1_89
100 99 0.06503772735595703
4gt4-v1_74
119 135 0.08356261253356934
4gt4-v0_78
109 84 0.07199287414550781
cm152a_212
532 336 1.0560169219970703
rd53_130
448 270 0.7653360366821289
majority_239
267 261 0.3227689266204834
C17_204
205 138 0.19909930229187012
ex2_227
275 198 0.31928253173828125
ex3_229
175 201 0.16761326789855957
cnt3-5_180
215 264 0.23270344734191895
alu-v2_30
223 105 0.22855234146118164
mod8-10_177
196 108 0.17646312713623047
ham7_104
149 150 0.12563014030456543
cm42a_207
771 465 2.0559427738189697
decod24-enable_126
149 102 0.11910176277160645
4gt4-v0_73
179 183 0.16855931282043457
rd53_135
134 96 0.09804630279541016
f2_232
525 168 1.035451889038086
alu-v2_31
198 237 0.22287583351135254
dc1_220
833 399 2.421876907348633
rd84_142
154 138 0.11535453796386719
mod10_171
108 132 0.08365154266357422
4gt12-v0_86
116 60 0.08680343627929688
pm1_249
771 465 2.0867772102355957
sym9_146
148 168 0.12518668174743652
one-two-three-v0_97
128 72 0.09564042091369629
mod8-10_178
152 93 0.1165001392364502
sym6_316
123 120 0.08758282661437988
mod5adder_127
239 138 0.2849557399749756
rd73_140
104 90 0.06427884101867676
4gt4-v0_72
113 66 0.07102084159851074
hwb4_49
107 33 0.06845760345458984
squar5_261
869 507 2.4256696701049805
sf_276
336 345 0.5175995826721191
rd53_311
124 93 0.07593560218811035
urf2_277
10066 7815 334.02557373046875
sqrt8_260
1314 912 5.231855869293213
misex1_241
2100 1971 13.311945676803589
radd_250
1405 882 6.141743183135986
hwb6_56
2952 1818 29.126878261566162
cycle10_2_110
2648 1701 20.51193618774414
sym6_145
1701 1479 9.916074514389038
hwb7_59
10681 8178 358.5906000137329