4mod5-v1_24
16 15 0.008955001831054688
decod24-v3_45
64 36 0.03455972671508789
3_17_13
17 0 0.004441976547241211
alu-v1_28
18 30 0.007950305938720703
4mod5-v1_23
32 48 0.016052722930908203
sys6-v0_111
98 48 0.06343722343444824
4gt4-v0_80
79 75 0.04499983787536621
4gt5_75
38 27 0.016633987426757812
alu-bdd_288
38 39 0.020457983016967773
4gt13_91
49 69 0.03003859519958496
mini_alu_305
77 63 0.04291725158691406
ising_model_10
90 6 0.04242992401123047
alu-v0_27
17 12 0.00671076774597168
4mod5-v0_18
31 27 0.014080524444580078
mod5d1_63
13 6 0.005949735641479492
4gt13-v1_93
30 45 0.017437219619750977
4gt12-v0_88
86 147 0.05612349510192871
4gt11_83
14 12 0.006093740463256836
decod24-v0_38
23 24 0.011501073837280273
one-two-three-v2_100
32 0 0.009997367858886719
rd32_270
36 30 0.01668238639831543
4gt11_84
9 12 0.004954099655151367
4gt11_82
18 3 0.006548881530761719
alu-v4_36
51 72 0.0316166877746582
graycode6_47
5 0 0.002147197723388672
rd32-v0_66
16 21 0.008201837539672852
4mod5-v0_19
16 6 0.005552768707275391
4gt10-v1_81
66 87 0.03990435600280762
0example
9 6 0.006970643997192383
ham3_102
11 15 0.004775524139404297
alu-v2_32
72 63 0.04289960861206055
cnt3-5_179
85 249 0.06333541870117188
alu-v4_37
18 15 0.007876157760620117
alu-v1_29
17 12 0.007075786590576172
4gt13_90
53 21 0.02395153045654297
one-two-three-v0_98
65 27 0.036893367767333984
xor5_254
5 9 0.0030851364135742188
0410184_169
9 9 0.004830121994018555
alu-v3_35
18 18 0.006693124771118164
rd32-v1_68
16 9 0.005502223968505859
mod5d2_64
25 12 0.010396957397460938
4gt5_77
58 33 0.02872633934020996
qft_10
90 144 0.0603947639465332
one-two-three-v1_99
59 63 0.03781485557556152
4mod5-v0_20
10 12 0.00513005256652832
one-two-three-v3_101
32 15 0.014611244201660156
ex-1_166
9 0 0.0023636817932128906
mod10_176
78 39 0.04518485069274902
4mod5-bdd_287
31 54 0.016544103622436523
decod24-v2_43
22 9 0.007106781005859375
rd53_138
60 54 0.027915477752685547
4mod7-v1_96
72 48 0.038789987564086914
4_49_16
99 93 0.09202218055725098
mod5mils_65
16 0 0.0047495365142822266
ex1_226
5 3 0.002123594284057617
alu-v0_26
38 36 0.020127296447753906
alu-v2_33
17 3 0.0048906803131103516
4mod5-v1_22
11 0 0.0031783580780029297
4gt5_76
46 39 0.02270817756652832
alu-v3_34
24 15 0.009679555892944336
4mod7-v0_94
72 36 0.045107126235961914
aj-e11_165
69 27 0.03205704689025879
decod24-bdd_294
32 42 0.016797304153442383
miller_11
23 36 0.011820554733276367
4gt13_92
30 24 0.011240005493164062
4mod5-v1_24
16 3 0.0059702396392822266
decod24-v3_45
64 81 0.03844904899597168
3_17_13
17 0 0.0045413970947265625
alu-v1_28
18 3 0.0047740936279296875
decod24-v1_41
38 21 0.015074729919433594
4mod5-v1_23
32 18 0.015256881713867188
sys6-v0_111
98 111 0.06435179710388184
4gt4-v0_80
79 93 0.047664642333984375
4gt5_75
38 48 0.01847052574157715
alu-bdd_288
38 30 0.015484333038330078
4gt13_91
49 72 0.026978731155395508
mini_alu_305
77 72 0.04597759246826172
ising_model_10
90 0 0.042105674743652344
alu-v0_27
17 12 0.007260322570800781
4mod5-v0_18
31 39 0.015137434005737305
mod5d1_63
13 0 0.005175590515136719
4gt13-v1_93
30 18 0.015728473663330078
4gt12-v0_88
86 90 0.056638479232788086
4gt11_83
14 3 0.004962444305419922
decod24-v0_38
23 33 0.010116815567016602
one-two-three-v2_100
32 30 0.01486968994140625
rd32_270
36 6 0.012905597686767578
4gt11_84
9 12 0.004718303680419922
4gt11_82
18 12 0.00711512565612793
graycode6_47
5 6 0.0026710033416748047
rd32-v0_66
16 9 0.005449771881103516
4mod5-v0_19
16 24 0.007907867431640625
4gt10-v1_81
66 84 0.041728973388671875
0example
9 6 0.003978729248046875
ham3_102
11 15 0.004350185394287109
alu-v2_32
72 102 0.05011439323425293
cnt3-5_179
85 63 0.05476045608520508
alu-v4_37
18 21 0.008466243743896484
alu-v1_29
17 9 0.006273984909057617
4gt13_90
53 48 0.027161359786987305
one-two-three-v0_98
65 78 0.03388166427612305
xor5_254
5 9 0.002787351608276367
alu-v3_35
18 24 0.0076999664306640625
rd32-v1_68
16 18 0.007166147232055664
mod5d2_64
25 33 0.013518810272216797
qft_10
90 96 0.059336185455322266
4mod5-v0_20
10 15 0.005724668502807617
one-two-three-v3_101
32 24 0.014660120010375977
ex-1_166
9 12 0.004448413848876953
mod10_176
78 99 0.047235727310180664
4mod5-bdd_287
31 27 0.012693166732788086
decod24-v2_43
22 9 0.007734537124633789
rd53_138
60 54 0.03537106513977051
4mod7-v1_96
72 51 0.03933310508728027
4_49_16
99 72 0.06006741523742676
mod5mils_65
16 9 0.006774187088012695
ex1_226
5 6 0.002385854721069336
alu-v2_33
17 3 0.005977630615234375
4mod5-v1_22
11 6 0.005064249038696289
4gt5_76
46 36 0.02186870574951172
alu-v3_34
24 15 0.009347200393676758
4mod7-v0_94
72 39 0.03925919532775879
aj-e11_165
69 60 0.03883981704711914
decod24-bdd_294
32 24 0.014470815658569336
miller_11
23 36 0.016369342803955078
4gt13_92
30 12 0.012378692626953125
wim_266
427 165 0.6592493057250977
rd53_131
200 144 0.18021368980407715
rd53_251
564 231 1.1978497505187988
mini-alu_167
126 120 0.10011172294616699
sf_274
336 183 0.4717268943786621
hwb5_53
598 516 1.3937833309173584
rd53_133
256 201 0.2895026206970215
4gt4-v0_79
105 126 0.07186102867126465
ising_model_16
150 87 0.12905025482177734
con1_216
415 276 0.6019701957702637
4gt12-v0_87
112 156 0.07677984237670898
cm82a_208
283 141 0.3121187686920166
4gt12-v1_89
100 36 0.0628659725189209
ising_model_13
120 0 0.07494235038757324
4gt4-v1_74
119 48 0.08615231513977051
4gt4-v0_78
109 63 0.06931209564208984
cm152a_212
532 393 1.0745890140533447
rd53_130
448 381 0.7652058601379395
majority_239
267 159 0.30049586296081543
C17_204
205 72 0.18712615966796875
ex2_227
275 168 0.3091294765472412
ex3_229
175 93 0.15103530883789062
cnt3-5_180
215 204 0.19847917556762695
alu-v2_30
223 108 0.22630977630615234
mod8-10_177
196 198 0.21239709854125977
ham7_104
149 204 0.12956452369689941
cm42a_207
771 486 2.0390512943267822
decod24-enable_126
149 39 0.12127304077148438
4gt4-v0_73
179 54 0.15871238708496094
rd53_135
134 144 0.10074305534362793
f2_232
525 588 1.068068027496338
alu-v2_31
198 141 0.19559192657470703
dc1_220
833 450 2.3742430210113525
rd84_142
154 99 0.11307334899902344
mod10_171
108 138 0.08769822120666504
4gt12-v0_86
116 102 0.08827948570251465
pm1_249
771 525 2.0665125846862793
sym9_146
148 162 0.12779545783996582
one-two-three-v0_97
128 138 0.09961533546447754
mod8-10_178
152 93 0.12106823921203613
sym6_316
123 126 0.07596731185913086
mod5adder_127
239 150 0.2731294631958008
rd73_140
104 66 0.066802978515625
qft_16
240 411 0.2657198905944824
4gt4-v0_72
113 87 0.0715951919555664
hwb4_49
107 33 0.06867170333862305
squar5_261
869 720 2.430738925933838
sf_276
336 204 0.5042879581451416
rd53_311
124 99 0.08211064338684082
wim_266
427 336 0.6628000736236572
rd53_131
200 108 0.1931164264678955
rd53_251
564 381 1.183739423751831
mini-alu_167
126 99 0.09840703010559082
sf_274
336 441 0.5250587463378906
hwb5_53
598 495 1.3450367450714111
rd53_133
256 153 0.2783548831939697
4gt4-v0_79
105 51 0.06363248825073242
ising_model_16
150 0 0.10217118263244629
con1_216
415 438 0.6368837356567383
4gt12-v0_87
112 72 0.08008480072021484
cm82a_208
283 192 0.34029436111450195
ising_model_13
120 36 0.0760037899017334
4gt4-v1_74
119 48 0.08535647392272949
4gt4-v0_78
109 60 0.07021021842956543
cm152a_212
532 306 1.0239362716674805
rd53_130
448 273 0.7730374336242676
majority_239
267 240 0.29889583587646484
C17_204
205 195 0.19824457168579102
ex2_227
275 153 0.31965065002441406
ex3_229
175 168 0.15607619285583496
cnt3-5_180
215 231 0.19693517684936523
alu-v2_30
223 174 0.2304236888885498
mod8-10_177
196 144 0.18399429321289062
ham7_104
149 132 0.11976885795593262
cm42a_207
771 639 2.0627894401550293
decod24-enable_126
149 81 0.11755561828613281
4gt4-v0_73
179 144 0.15852689743041992
rd53_135
134 72 0.09894824028015137
f2_232
525 471 1.010209560394287
alu-v2_31
198 234 0.21568846702575684
rd84_142
154 111 0.11932635307312012
mod10_171
108 54 0.07050442695617676
4gt12-v0_86
116 156 0.08907413482666016
pm1_249
771 477 2.039255142211914
sym9_146
148 156 0.12151765823364258
one-two-three-v0_97
128 162 0.10396456718444824
mod8-10_178
152 72 0.12088274955749512
sym6_316
123 111 0.1119682788848877
mod5adder_127
239 135 0.2660508155822754
rd73_140
104 126 0.06944608688354492
qft_16
240 369 0.2689034938812256
4gt4-v0_72
113 81 0.08246874809265137
hwb4_49
107 54 0.06963396072387695
squar5_261
869 609 2.368516206741333
sf_276
336 381 0.5011053085327148
rd53_311
124 138 0.11795687675476074
rd84_253
5960 4428 95.24540495872498
sqrt8_260
1314 978 4.998701810836792
inc_237
4636 2817 58.44631361961365
square_root_7
3089 963 24.63410210609436
adr4_197
1498 1368 6.66571044921875
z4_268
1343 927 5.444689750671387
dc2_222
4131 2346 44.54062533378601
sym9_148
9408 3045 257.18661856651306
rd73_252
2319 1806 15.631404161453247
cm85a_209
4986 3099 65.64386463165283
co14_215
7840 6735 154.88262677192688
misex1_241
2100 747 12.723360300064087
radd_250
1405 450 5.849404811859131
mlp4_245
8232 6120 171.547372341156
hwb6_56
2952 2505 27.81029438972473
root_255
7493 4107 148.2754111289978
cycle10_2_110
2648 1836 19.869569301605225
sym6_145
1701 912 9.396072626113892
sqn_258
4459 3216 57.6751754283905
rd84_253
5960 4035 95.792409658432
sqrt8_260
1314 1332 5.069215297698975
square_root_7
3089 1461 24.834180116653442
adr4_197
1498 1086 6.686422348022461
z4_268
1343 852 5.496189117431641
sym9_148
9408 4710 260.01985120773315
life_238
9800 7035 266.8161654472351
co14_215
7840 6342 153.93991422653198
misex1_241
2100 834 12.830948114395142
radd_250
1405 774 5.900245904922485
ham15_107
3858 2400 42.7173285484314
hwb6_56
2952 1932 27.981486082077026
root_255
7493 5385 148.51126646995544
sym6_145
1701 1311 9.463065147399902
sqn_258
4459 2820 58.262492656707764
urf1_278
26692 17532 2338.248771905899
max46_240
11844 7572 474.27054142951965
urf2_277
10066 7665 334.6359770298004
urf5_280
23764 16869 2046.3025846481323
hwb8_113
30372 19128 3441.514342069626
dist_223
16624 11031 772.8973016738892
sym9_193
15232 11355 754.6642680168152
9symml_195
15232 11037 749.1933543682098
