4mod5-v1_24
16 0 0.0029730796813964844
decod24-v3_45
64 21 0.026833534240722656
3_17_13
17 0 0.0035293102264404297
alu-v1_28
18 3 0.0042192935943603516
decod24-v1_41
38 9 0.011983633041381836
4mod5-v1_23
32 3 0.010314226150512695
sys6-v0_111
98 36 0.0538945198059082
4gt4-v0_80
79 9 0.04092240333557129
4gt5_75
38 15 0.01310420036315918
alu-bdd_288
38 3 0.01165461540222168
4gt13_91
49 27 0.019858598709106445
mini_alu_305
77 12 0.03501105308532715
alu-v0_27
17 3 0.0038928985595703125
4mod5-v0_18
31 3 0.008222103118896484
mod5d1_63
13 0 0.002052783966064453
4gt13-v1_93
30 0 0.00719904899597168
4gt12-v0_88
86 9 0.04536724090576172
4gt11_83
14 0 0.0024864673614501953
decod24-v0_38
23 0 0.0052564144134521484
one-two-three-v2_100
32 0 0.008636713027954102
rd32_270
36 6 0.010815143585205078
4gt11_84
9 0 0.001444101333618164
4gt11_82
18 6 0.004007816314697266
alu-v4_36
51 15 0.019794225692749023
graycode6_47
5 0 0.0006954669952392578
rd32-v0_66
16 0 0.0030739307403564453
4mod5-v0_19
16 0 0.0030236244201660156
4gt10-v1_81
66 21 0.028896570205688477
0example
9 3 0.0018949508666992188
ham3_102
11 0 0.002023458480834961
alu-v2_32
72 9 0.034766197204589844
cnt3-5_179
85 0 0.031067848205566406
alu-v4_37
18 3 0.004332780838012695
alu-v1_29
17 3 0.004057884216308594
4gt13_90
53 21 0.021313190460205078
one-two-three-v0_98
65 27 0.03160500526428223
xor5_254
5 0 0.0006353855133056641
0410184_169
9 3 0.0029098987579345703
alu-v3_35
18 3 0.00423741340637207
rd32-v1_68
16 0 0.003123044967651367
mod5d2_64
25 3 0.007763862609863281
4gt5_77
58 30 0.026111841201782227
qft_10
90 75 0.049714088439941406
one-two-three-v1_99
59 30 0.0268247127532959
4mod5-v0_20
10 0 0.0017466545104980469
one-two-three-v3_101
32 12 0.009502172470092773
ex-1_166
9 0 0.0015604496002197266
mod10_176
78 24 0.04122495651245117
4mod5-bdd_287
31 3 0.008298158645629883
decod24-v2_43
22 0 0.004919767379760742
rd53_138
60 18 0.026170730590820312
4mod7-v1_96
72 21 0.03164267539978027
4_49_16
99 33 0.05941414833068848
mod5mils_65
16 0 0.003213167190551758
ex1_226
5 0 0.0006089210510253906
alu-v0_26
38 12 0.014003276824951172
alu-v2_33
17 3 0.003924369812011719
4mod5-v1_22
11 0 0.0018496513366699219
4gt5_76
46 24 0.017947912216186523
alu-v3_34
24 3 0.00597691535949707
4mod7-v0_94
72 15 0.03058910369873047
aj-e11_165
69 18 0.03152298927307129
decod24-bdd_294
32 12 0.009909391403198242
miller_11
23 0 0.005463838577270508
4gt13_92
30 0 0.0070934295654296875
wim_266
427 183 0.6287472248077393
rd53_131
200 33 0.1687319278717041
rd53_251
564 105 1.144038200378418
mini-alu_167
126 48 0.08265185356140137
sf_274
336 21 0.4451913833618164
hwb5_53
598 252 1.3158659934997559
rd53_133
256 72 0.26785778999328613
4gt4-v0_79
105 9 0.06513214111328125
con1_216
415 165 0.591933012008667
4gt12-v0_87
112 3 0.06411385536193848
cm82a_208
283 75 0.33295106887817383
4gt12-v1_89
100 24 0.05405116081237793
4gt4-v1_74
119 27 0.07253098487854004
4gt4-v0_78
109 12 0.058191537857055664
cm152a_212
532 120 1.0150353908538818
rd53_130
448 147 0.7220501899719238
majority_239
267 81 0.2706916332244873
C17_204
205 78 0.18089985847473145
ex2_227
275 111 0.29166078567504883
ex3_229
175 63 0.1468029022216797
cnt3-5_180
215 33 0.19096779823303223
alu-v2_30
223 72 0.22163724899291992
mod8-10_177
196 54 0.17164230346679688
ham7_104
149 36 0.10328555107116699
cm42a_207
771 108 2.024543285369873
decod24-enable_126
149 39 0.10646247863769531
4gt4-v0_73
179 57 0.15165328979492188
rd53_135
134 33 0.1139073371887207
f2_232
525 153 1.000762701034546
alu-v2_31
198 72 0.1846938133239746
dc1_220
833 231 2.3128151893615723
rd84_142
154 72 0.10600590705871582
mod10_171
108 36 0.07103848457336426
4gt12-v0_86
116 3 0.06718683242797852
pm1_249
771 108 2.001166820526123
sym9_146
148 93 0.11713123321533203
one-two-three-v0_97
128 72 0.0938875675201416
mod8-10_178
152 42 0.11416459083557129
sym6_316
123 48 0.07958745956420898
mod5adder_127
239 105 0.25769472122192383
rd73_140
104 51 0.05926871299743652
qft_16
240 330 0.2535266876220703
4gt4-v0_72
113 9 0.06077742576599121
hwb4_49
107 33 0.06296372413635254
squar5_261
869 387 2.318617343902588
sf_276
336 24 0.446962833404541
rd53_311
124 33 0.07831311225891113
rd84_253
5960 2760 99.58357357978821
sqrt8_260
1314 681 5.23726749420166
inc_237
4636 1473 62.4305202960968
square_root_7
3089 282 25.908597469329834
adr4_197
1498 963 7.018501043319702
z4_268
1343 801 5.7591869831085205
dc2_222
4131 2607 47.56642031669617
sym9_148
9408 3285 271.2041621208191
life_238
9800 5997 348.3317115306854
rd73_252
2319 915 16.30181312561035
cm85a_209
4986 3522 68.68336701393127
co14_215
7840 6588 162.47745084762573
misex1_241
2100 756 13.372172594070435
radd_250
1405 366 6.137927055358887
ham15_107
3858 2244 44.96508026123047
mlp4_245
8232 5649 179.47743487358093
hwb6_56
2952 1497 28.914233446121216
root_255
7493 3423 153.0725646018982
cycle10_2_110
2648 1293 20.211721658706665
sym6_145
1701 768 9.660524606704712
sqn_258
4459 1710 59.519052028656006
max46_240
11844 6246 431.39866375923157
urf2_277
10066 6687 320.94724321365356
urf5_280
23764 14832 2273.3861141204834
sym10_262
28084 17271 3169.6234097480774
sym9_193
15232 9186 655.1460590362549
9symml_195
15232 10482 704.5712387561798
sao2_257
16864 10179 814.0970211029053
clip_206
14772 8361 691.5758957862854
hwb7_59
10681 6483 384.1890172958374
urf1_278
26692 16962 2406.6341354846954