decod24-enable_126
0.0 149.0 478.0 245.0 45.0 0.006496
4mod5-v0_19
0.0 16.0 35.0 21.0 0.0 0.173555
4mod5-v0_18
0.0 31.0 96.0 48.0 5.0 0.002632
mod5d2_64
0.0 25.0 68.0 45.0 5.0 0.001129
alu-v3_35
0.0 18.0 42.0 21.0 2.0 7.82E-4
4gt4-v0_72
0.0 113.0 382.0 199.0 37.0 0.004892
4gt4-v0_73
0.0 179.0 542.0 275.0 47.0 0.007102
alu-v3_34
0.0 24.0 58.0 30.0 2.0 0.018409
3_17_13
0.0 17.0 36.0 22.0 0.0 7.64E-4
4gt4-v0_78
0.0 109.0 257.0 149.0 7.0 0.003637
4gt4-v0_79
0.0 105.0 250.0 145.0 6.0 0.003559
mod10_171
0.0 108.0 324.0 156.0 21.0 0.008404
4mod7-v1_96
0.0 72.0 206.0 112.0 7.0 0.014031
ex2_227
0.0 275.0 809.0 425.0 40.0 0.010784
mod10_176
0.0 78.0 279.0 140.0 25.0 0.005077
rd73_252
0.0 2319.0 6904.0 3303.0 457.0 0.18161
max46_240
0.0 11844.0 37757.0 17483.0 2248.0 0.59139
cycle10_2_110
0.0 2648.0 8517.0 4032.0 711.0 0.12125
4mod5-v0_20
0.0 10.0 20.0 12.0 0.0 5.15E-4
0410184_169
0.0 104.0 231.0 118.0 2.0 0.003249
sqrt8_260
0.0 1314.0 4205.0 2054.0 319.0 0.08493
urf4_187
0.0 224028.0 681282.0 325162.0 55103.0 19.441378
sqn_258
0.0 4459.0 13863.0 6521.0 1104.0 0.194723
aj-e11_165
0.0 69.0 174.0 100.0 8.0 0.002711
alu-v1_28
0.0 18.0 42.0 22.0 2.0 0.00263
f2_232
0.0 525.0 1646.0 756.0 51.0 0.039971
radd_250
0.0 1405.0 4325.0 2107.0 267.0 0.061224
ham15_107
0.0 3858.0 11595.0 5694.0 864.0 0.168076
4gt12-v0_86
0.0 116.0 259.0 135.0 3.0 0.006171
4gt12-v0_87
0.0 112.0 252.0 131.0 2.0 0.003589
alu-v1_29
0.0 17.0 42.0 22.0 2.0 8.98E-4
4gt12-v0_88
0.0 86.0 236.0 118.0 9.0 0.003137
ham7_104
0.0 149.0 405.0 212.0 18.0 0.015611
C17_204
0.0 205.0 660.0 336.0 41.0 0.008559
xor5_254
0.0 5.0 7.0 5.0 0.0 3.6E-4
hwb4_49
0.0 107.0 282.0 157.0 17.0 0.023702
rd73_140
0.0 104.0 296.0 134.0 17.0 0.004141
sao2_257
0.0 16864.0 50663.0 23142.0 4042.0 0.841356
decod24-v0_38
0.0 23.0 51.0 30.0 0.0 9.83E-4
sym9_148
0.0 9408.0 29298.0 14993.0 2074.0 0.46051
rd53_131
0.0 200.0 629.0 301.0 42.0 0.008013
rd53_133
0.0 256.0 826.0 428.0 81.0 0.011162
urf5_280
0.0 23764.0 71612.0 36585.0 6816.0 1.130925
square_root_7
0.0 3089.0 9658.0 4164.0 653.0 0.142859
rd53_135
0.0 134.0 419.0 190.0 31.0 0.006192
sys6-v0_111
0.0 98.0 255.0 107.0 11.0 0.012571
rd53_138
0.0 60.0 171.0 70.0 13.0 0.077822
decod24-v2_43
0.0 22.0 52.0 30.0 0.0 9.08E-4
hwb7_59
0.0 10681.0 33578.0 16894.0 2285.0 0.466287
rd32-v0_66
0.0 16.0 34.0 20.0 0.0 9.08E-4
sym9_146
0.0 148.0 391.0 146.0 20.0 0.005477
graycode6_47
0.0 5.0 5.0 5.0 0.0 3.15E-4
4gt13-v1_93
0.0 30.0 68.0 39.0 0.0 0.001035
wim_266
0.0 427.0 1390.0 658.0 79.0 0.034355
urf2_152
0.0 35210.0 113392.0 58777.0 10273.0 1.751136
urf5_158
0.0 71932.0 229717.0 110502.0 16835.0 3.785339
urf2_277
0.0 10066.0 29440.0 15861.0 2815.0 0.457216
4mod5-bdd_287
0.0 31.0 112.0 73.0 6.0 0.001631
life_238
0.0 9800.0 29982.0 14038.0 1829.0 0.420795
ham3_102
0.0 11.0 20.0 13.0 0.0 5.02E-4
ex-1_166
0.0 9.0 19.0 12.0 0.0 0.010598
4gt4-v0_80
0.0 79.0 191.0 104.0 4.0 0.006859
mod5mils_65
0.0 16.0 35.0 21.0 0.0 9.1E-4
root_255
0.0 7493.0 22485.0 10471.0 1713.0 0.359326
0example
0.0 9.0 14.0 8.0 2.0 0.003951
alu-v4_36
0.0 51.0 156.0 79.0 8.0 0.003659
alu-v4_37
0.0 18.0 42.0 21.0 2.0 8.37E-4
ex1_226
0.0 5.0 7.0 5.0 0.0 3.38E-4
one-two-three-v0_98
0.0 65.0 189.0 89.0 12.0 0.002568
one-two-three-v0_97
0.0 128.0 430.0 209.0 43.0 0.005894
9symml_195
0.0 15232.0 48614.0 22946.0 2950.0 0.784675
one-two-three-v3_101
0.0 32.0 79.0 48.0 3.0 0.001208
sym10_262
0.0 28084.0 88086.0 42123.0 6498.0 1.385312
rd32_270
0.0 36.0 117.0 68.0 11.0 0.001994
dc1_220
0.0 833.0 2463.0 1230.0 124.0 0.062511
rd53_251
0.0 564.0 1550.0 834.0 77.0 0.019876
rd53_130
0.0 448.0 1419.0 744.0 95.0 0.018433
cm42a_207
0.0 771.0 2462.0 1173.0 170.0 0.033564
rd53_311
0.0 124.0 349.0 152.0 21.0 0.005673
4mod5-v1_24
0.0 16.0 36.0 21.0 0.0 7.29E-4
mod5adder_127
0.0 239.0 614.0 327.0 21.0 0.0079
4_49_16
0.0 99.0 274.0 173.0 20.0 0.004443
hwb5_53
0.0 598.0 1904.0 1023.0 178.0 0.025414
dc2_222
0.0 4131.0 12542.0 6212.0 953.0 0.210832
ex3_229
0.0 175.0 500.0 264.0 11.0 0.006449
rd84_142
0.0 154.0 386.0 127.0 18.0 0.014971
alu-v2_32
0.0 72.0 237.0 117.0 25.0 0.003244
z4_268
0.0 1343.0 3951.0 1924.0 314.0 0.056494
4gt10-v1_81
0.0 66.0 210.0 116.0 10.0 0.002811
alu-v2_31
0.0 198.0 580.0 328.0 39.0 0.014798
alu-v2_30
0.0 223.0 696.0 356.0 65.0 0.009005
sym6_145
0.0 1701.0 5187.0 2757.0 280.0 0.06917
sf_276
0.0 336.0 798.0 444.0 8.0 0.01032
decod24-v1_41
0.0 38.0 121.0 57.0 9.0 0.006105
sf_274
0.0 336.0 799.0 448.0 8.0 0.010724
alu-v2_33
0.0 17.0 43.0 22.0 2.0 0.032043
4gt4-v1_74
0.0 119.0 300.0 159.0 9.0 0.004088
co14_215
0.0 7840.0 23369.0 9637.0 2018.0 0.389899
cnt3-5_180
0.0 215.0 603.0 207.0 32.0 0.007339
cm152a_212
0.0 532.0 1662.0 801.0 103.0 0.253216
cnt3-5_179
0.0 85.0 197.0 61.0 7.0 0.005114
sym6_316
0.0 123.0 349.0 153.0 20.0 0.005512
4mod5-v1_22
0.0 11.0 21.0 12.0 0.0 0.092848
4mod5-v1_23
0.0 32.0 84.0 42.0 5.0 0.004562
mini_alu_305
0.0 77.0 217.0 81.0 9.0 0.088325
mlp4_245
0.0 8232.0 24990.0 11922.0 1831.0 0.392473
alu-v0_26
0.0 38.0 93.0 54.0 3.0 0.001383
alu-bdd_288
0.0 38.0 111.0 65.0 9.0 0.004576
alu-v0_27
0.0 17.0 41.0 21.0 2.0 0.029412
qft_16
0.0 240.0 409.0 58.0 4.0 0.021896
hwb8_113
0.0 30372.0 99483.0 49743.0 6487.0 1.509894
urf1_149
0.0 80878.0 259204.0 129204.0 23226.0 4.169522
plus63mod4096_163
0.0 56329.0 179724.0 84709.0 15406.0 3.228409
urf3_155
0.0 185276.0 584326.0 278942.0 50523.0 9.776807
urf3_279
0.0 60380.0 177011.0 82323.0 14291.0 5.713361
4gt13_91
0.0 49.0 109.0 61.0 2.0 0.183735
4gt5_77
0.0 58.0 162.0 84.0 11.0 0.054243
4gt13_92
0.0 30.0 66.0 38.0 0.0 0.001314
hwb9_119
0.0 90955.0 300601.0 141053.0 18937.0 12.283472
4gt5_76
0.0 46.0 129.0 77.0 8.0 0.001962
4gt5_75
0.0 38.0 90.0 53.0 3.0 0.003593
one-two-three-v1_99
0.0 59.0 176.0 88.0 11.0 0.005338
4gt12-v1_89
0.0 100.0 239.0 133.0 4.0 0.003197
4gt13_90
0.0 53.0 116.0 65.0 3.0 0.001809
plus63mod8192_164
0.0 81865.0 257561.0 126121.0 22597.0 4.493278
pm1_249
0.0 771.0 2462.0 1173.0 170.0 0.062409
sym9_193
0.0 15232.0 48614.0 22946.0 2950.0 0.705754
ising_model_10
0.0 90.0 480.0 45.0 0.0 0.003506
ising_model_13
0.0 120.0 633.0 47.0 0.0 0.003914
urf1_278
0.0 26692.0 78123.0 40731.0 7083.0 1.295737
misex1_241
0.0 2100.0 6089.0 2974.0 295.0 0.082997
4gt11_84
0.0 9.0 18.0 11.0 0.0 4.46E-4
mod5d1_63
0.0 13.0 22.0 13.0 0.0 0.056606
4gt11_83
0.0 14.0 23.0 16.0 0.0 0.007895
ising_model_16
0.0 150.0 786.0 52.0 0.0 0.004544
squar5_261
0.0 869.0 2701.0 1256.0 180.0 0.048914
4gt11_82
0.0 18.0 30.0 21.0 1.0 7.0E-4
decod24-v3_45
0.0 64.0 193.0 98.0 13.0 0.009309
ground_state_estimation_10
0.0 154209.0 425069.0 224503.0 9009.0 6.857081
adr4_197
0.0 1498.0 4656.0 2294.0 353.0 0.067542
rd32-v1_68
0.0 16.0 36.0 21.0 0.0 6.99E-4
hwb6_56
0.0 2952.0 9110.0 5160.0 476.0 0.126861
mini-alu_167
0.0 126.0 366.0 180.0 11.0 0.005134
one-two-three-v2_100
0.0 32.0 78.0 45.0 3.0 0.00122
4mod7-v0_94
0.0 72.0 211.0 138.0 16.0 0.002921
clip_206
0.0 14772.0 44574.0 20986.0 3349.0 0.662183
cm82a_208
0.0 283.0 800.0 426.0 35.0 0.011302
cm85a_209
0.0 4986.0 15043.0 7272.0 1001.0 0.228264
rd84_253
0.0 5960.0 17764.0 8379.0 1317.0 0.262094
mod8-10_178
0.0 152.0 407.0 200.0 19.0 0.013432
mod8-10_177
0.0 196.0 656.0 364.0 50.0 0.008433
dist_223
0.0 16624.0 50570.0 23631.0 4033.0 2.172563
majority_239
0.0 267.0 812.0 441.0 53.0 0.01186
inc_237
0.0 4636.0 13328.0 6628.0 880.0 0.182564
qft_10
0.0 90.0 179.0 45.0 6.0 0.003603
miller_11
0.0 23.0 50.0 29.0 0.0 0.001193
decod24-bdd_294
0.0 32.0 105.0 48.0 7.0 0.001926
urf6_160
0.0 75180.0 238832.0 109903.0 20161.0 3.976029
con1_216
0.0 415.0 1356.0 647.0 76.0 0.01861