decod24-enable_126
0.0 149.0 501.0 219.0 48.0 0.00729
4mod5-v0_19
0.0 16.0 33.0 21.0 0.0 0.172343
4mod5-v0_18
0.0 31.0 78.0 40.0 3.0 0.002379
mod5d2_64
0.0 25.0 83.0 37.0 10.0 0.001315
alu-v3_35
0.0 18.0 56.0 23.0 7.0 9.83E-4
4gt4-v0_72
0.0 113.0 367.0 137.0 34.0 0.005254
4gt4-v0_73
0.0 179.0 565.0 223.0 36.0 0.007332
alu-v3_34
0.0 24.0 102.0 50.0 17.0 0.018012
3_17_13
0.0 17.0 57.0 45.0 7.0 0.001044
4gt4-v0_78
0.0 109.0 344.0 155.0 28.0 0.005521
4gt4-v0_79
0.0 105.0 352.0 170.0 20.0 0.00511
mod10_171
0.0 108.0 302.0 143.0 21.0 0.004112
4mod7-v1_96
0.0 72.0 163.0 93.0 0.0 0.012213
ex2_227
0.0 275.0 939.0 352.0 56.0 0.012157
mod10_176
0.0 78.0 233.0 113.0 21.0 0.005435
cycle10_2_110
0.0 2648.0 8190.0 3671.0 665.0 0.145461
4mod5-v0_20
0.0 10.0 28.0 14.0 3.0 6.67E-4
0410184_169
0.0 104.0 252.0 102.0 13.0 0.006003
sqrt8_260
0.0 1314.0 3867.0 1742.0 266.0 0.055704
aj-e11_165
0.0 69.0 230.0 136.0 20.0 0.003424
alu-v1_28
0.0 18.0 53.0 28.0 4.0 0.001098
f2_232
0.0 525.0 1439.0 702.0 86.0 0.021114
radd_250
0.0 1405.0 4337.0 2057.0 339.0 0.066419
4gt12-v0_86
0.0 116.0 349.0 150.0 31.0 0.004731
4gt12-v0_87
0.0 112.0 351.0 152.0 23.0 0.005108
alu-v1_29
0.0 17.0 53.0 28.0 6.0 0.001337
4gt12-v0_88
0.0 86.0 252.0 111.0 21.0 0.003293
ham7_104
0.0 149.0 489.0 272.0 49.0 0.015296
C17_204
0.0 205.0 677.0 292.0 38.0 0.009018
xor5_254
0.0 5.0 10.0 6.0 1.0 5.04E-4
hwb4_49
0.0 107.0 308.0 134.0 27.0 0.022978
rd73_140
0.0 104.0 259.0 115.0 9.0 0.004584
decod24-v0_38
0.0 23.0 51.0 30.0 0.0 0.00113
rd53_131
0.0 200.0 602.0 271.0 44.0 0.008155
rd53_133
0.0 256.0 764.0 332.0 32.0 0.011463
rd53_135
0.0 134.0 420.0 175.0 36.0 0.00594
sys6-v0_111
0.0 98.0 256.0 105.0 12.0 0.004333
rd53_138
0.0 60.0 146.0 72.0 9.0 0.080919
decod24-v2_43
0.0 22.0 52.0 30.0 0.0 0.001044
hwb7_59
0.0 10681.0 31752.0 13392.0 2195.0 0.416099
rd32-v0_66
0.0 16.0 39.0 20.0 2.0 8.66E-4
sym9_146
0.0 148.0 354.0 145.0 14.0 0.007137
graycode6_47
0.0 5.0 8.0 5.0 1.0 6.38E-4
4gt13-v1_93
0.0 30.0 85.0 38.0 3.0 0.001827
wim_266
0.0 427.0 1209.0 586.0 59.0 0.017169
urf2_152
0.0 35210.0 113276.0 45354.0 9446.0 1.666377
urf2_277
0.0 10066.0 27629.0 11250.0 1731.0 0.414544
4mod5-bdd_287
0.0 31.0 91.0 41.0 8.0 0.001522
ham3_102
0.0 11.0 19.0 13.0 0.0 5.76E-4
ex-1_166
0.0 9.0 28.0 21.0 3.0 0.009939
4gt4-v0_80
0.0 79.0 266.0 108.0 30.0 0.003741
mod5mils_65
0.0 16.0 58.0 24.0 0.0 0.001081
0example
0.0 9.0 16.0 10.0 3.0 0.002094
alu-v4_36
0.0 51.0 130.0 75.0 3.0 0.004711
alu-v4_37
0.0 18.0 43.0 26.0 3.0 0.001106
ex1_226
0.0 5.0 10.0 6.0 1.0 5.18E-4
one-two-three-v0_98
0.0 65.0 232.0 105.0 21.0 0.003126
one-two-three-v0_97
0.0 128.0 435.0 163.0 17.0 0.005791
one-two-three-v3_101
0.0 32.0 108.0 41.0 8.0 0.001841
rd32_270
0.0 36.0 83.0 47.0 0.0 0.001445
dc1_220
0.0 833.0 2700.0 1411.0 131.0 0.03549
rd53_251
0.0 564.0 1704.0 921.0 135.0 0.022413
rd53_130
0.0 448.0 1449.0 690.0 98.0 0.022688
cm42a_207
0.0 771.0 2409.0 1102.0 118.0 0.033966
rd53_311
0.0 124.0 367.0 158.0 29.0 0.006728
4mod5-v1_24
0.0 16.0 59.0 28.0 6.0 0.00112
mod5adder_127
0.0 239.0 796.0 308.0 54.0 0.011396
4_49_16
0.0 99.0 279.0 128.0 22.0 0.004382
hwb5_53
0.0 598.0 1935.0 755.0 138.0 0.024487
ex3_229
0.0 175.0 506.0 227.0 36.0 0.006503
rd84_142
0.0 154.0 358.0 111.0 19.0 0.009251
alu-v2_32
0.0 72.0 162.0 92.0 0.0 0.002366
4gt10-v1_81
0.0 66.0 200.0 98.0 12.0 0.002812
alu-v2_31
0.0 198.0 579.0 259.0 44.0 0.008017
alu-v2_30
0.0 223.0 670.0 298.0 63.0 0.010014
sym6_145
0.0 1701.0 5003.0 2238.0 263.0 0.073392
sf_276
0.0 336.0 1108.0 507.0 105.0 0.015391
decod24-v1_41
0.0 38.0 141.0 53.0 10.0 0.002026
sf_274
0.0 336.0 1134.0 456.0 40.0 0.014495
alu-v2_33
0.0 17.0 66.0 30.0 10.0 0.032794
4gt4-v1_74
0.0 119.0 322.0 154.0 15.0 0.004519
cnt3-5_180
0.0 215.0 624.0 237.0 34.0 0.009906
cm152a_212
0.0 532.0 1588.0 752.0 107.0 0.239199
cnt3-5_179
0.0 85.0 189.0 65.0 14.0 0.007275
sym6_316
0.0 123.0 370.0 175.0 25.0 0.005795
4mod5-v1_22
0.0 11.0 34.0 24.0 3.0 0.09119
4mod5-v1_23
0.0 32.0 82.0 39.0 5.0 0.001403
mini_alu_305
0.0 77.0 183.0 76.0 8.0 0.081747
alu-v0_26
0.0 38.0 99.0 49.0 6.0 0.001683
alu-bdd_288
0.0 38.0 139.0 88.0 18.0 0.002278
alu-v0_27
0.0 17.0 52.0 35.0 6.0 0.02633
4gt13_91
0.0 49.0 102.0 61.0 0.0 0.214818
4gt5_77
0.0 58.0 181.0 79.0 13.0 0.05441
4gt13_92
0.0 30.0 87.0 37.0 9.0 0.001783
4gt5_76
0.0 46.0 146.0 108.0 18.0 0.002497
4gt5_75
0.0 38.0 110.0 46.0 8.0 0.001925
one-two-three-v1_99
0.0 59.0 201.0 82.0 22.0 0.00422
4gt12-v1_89
0.0 100.0 343.0 146.0 24.0 0.005044
4gt13_90
0.0 53.0 136.0 65.0 10.0 0.002069
pm1_249
0.0 771.0 2409.0 1102.0 118.0 0.034193
ising_model_10
0.0 90.0 486.0 67.0 9.0 0.004641
misex1_241
0.0 2100.0 6577.0 3222.0 301.0 0.088792
4gt11_84
0.0 9.0 35.0 18.0 6.0 6.94E-4
mod5d1_63
0.0 13.0 20.0 13.0 0.0 0.057612
4gt11_83
0.0 14.0 34.0 16.0 4.0 0.007858
squar5_261
0.0 869.0 2775.0 1263.0 160.0 0.050752
4gt11_82
0.0 18.0 38.0 20.0 4.0 0.001034
decod24-v3_45
0.0 64.0 193.0 83.0 9.0 0.002593
rd32-v1_68
0.0 16.0 41.0 21.0 2.0 8.89E-4
hwb6_56
0.0 2952.0 8111.0 3725.0 481.0 0.138259
mini-alu_167
0.0 126.0 371.0 162.0 25.0 0.004905
one-two-three-v2_100
0.0 32.0 101.0 54.0 8.0 0.001654
4mod7-v0_94
0.0 72.0 257.0 116.0 23.0 0.00387
cm82a_208
0.0 283.0 833.0 369.0 48.0 0.013091
mod8-10_178
0.0 152.0 453.0 195.0 22.0 0.012335
mod8-10_177
0.0 196.0 601.0 254.0 45.0 0.008465
majority_239
0.0 267.0 787.0 341.0 25.0 0.012778
qft_10
0.0 90.0 161.0 36.0 4.0 0.006896
miller_11
0.0 23.0 77.0 59.0 9.0 0.001233
decod24-bdd_294
0.0 32.0 111.0 41.0 14.0 0.001915
con1_216
0.0 415.0 1378.0 710.0 94.0 0.019621