decod24-enable_126
1.0 149.0 406.0 206.0 23.0 0.017132
4mod5-v0_19
0.0 16.0 35.0 21.0 0.0 0.176745
4mod5-v0_18
5.0 31.0 90.0 40.0 6.0 0.011839
mod5d2_64
0.0 25.0 71.0 33.0 5.0 0.003397
alu-v3_35
0.0 18.0 51.0 22.0 5.0 0.002398
4gt4-v0_72
1.0 113.0 346.0 134.0 22.0 0.009687
4gt4-v0_73
0.0 179.0 436.0 224.0 15.0 0.0127
alu-v3_34
2.0 24.0 64.0 30.0 4.0 0.019799
3_17_13
2.0 17.0 36.0 22.0 0.0 0.002318
4gt4-v0_78
0.0 109.0 314.0 135.0 25.0 0.008698
4gt4-v0_79
1.0 105.0 321.0 130.0 23.0 0.00887
mod10_171
1.0 108.0 303.0 138.0 7.0 0.008799
4mod7-v1_96
1.0 72.0 214.0 104.0 14.0 0.016333
ex2_227
0.0 275.0 789.0 366.0 39.0 0.020917
mod10_176
2.0 78.0 225.0 104.0 16.0 0.011062
rd73_252
1.0 2319.0 7057.0 3166.0 437.0 0.191958
max46_240
0.0 11844.0 36984.0 16045.0 3115.0 0.582018
cycle10_2_110
0.0 2648.0 8267.0 3742.0 593.0 0.221815
4mod5-v0_20
0.0 10.0 20.0 12.0 0.0 5.04E-4
0410184_169
1.0 104.0 253.0 107.0 17.0 0.015453
sqrt8_260
0.0 1314.0 3988.0 1821.0 301.0 0.137439
sqn_258
1.0 4459.0 13868.0 6216.0 1043.0 0.36813
aj-e11_165
2.0 69.0 196.0 101.0 6.0 0.011034
alu-v1_28
2.0 18.0 39.0 22.0 1.0 0.005975
f2_232
0.0 525.0 1574.0 704.0 105.0 0.042801
radd_250
1.0 1405.0 4243.0 2127.0 254.0 0.117383
ham15_107
0.0 3858.0 11624.0 5603.0 924.0 0.315815
4gt12-v0_86
0.0 116.0 357.0 151.0 34.0 0.009764
4gt12-v0_87
1.0 112.0 334.0 133.0 30.0 0.008855
alu-v1_29
1.0 17.0 49.0 22.0 4.0 0.003338
4gt12-v0_88
4.0 86.0 256.0 117.0 17.0 0.03073
ham7_104
1.0 149.0 456.0 218.0 29.0 0.018883
C17_204
0.0 205.0 534.0 266.0 24.0 0.014158
xor5_254
0.0 5.0 10.0 5.0 1.0 9.42E-4
hwb4_49
2.0 107.0 274.0 146.0 14.0 0.031137
rd73_140
1.0 104.0 251.0 108.0 15.0 0.008546
decod24-v0_38
4.0 23.0 57.0 30.0 2.0 0.007574
sym9_148
1.0 9408.0 28509.0 13599.0 1668.0 0.848117
rd53_131
0.0 200.0 615.0 265.0 31.0 0.015285
rd53_133
1.0 256.0 745.0 346.0 41.0 0.019513
urf5_280
0.0 23764.0 70615.0 36952.0 6806.0 1.033401
square_root_7
1.0 3089.0 10188.0 4432.0 691.0 0.283241
rd53_135
1.0 134.0 387.0 165.0 22.0 0.011271
sys6-v0_111
1.0 98.0 223.0 94.0 7.0 0.027607
rd53_138
0.0 60.0 139.0 54.0 6.0 0.088198
decod24-v2_43
1.0 22.0 61.0 33.0 3.0 0.002651
rd32-v0_66
2.0 16.0 43.0 23.0 3.0 0.006217
sym9_146
0.0 148.0 345.0 131.0 19.0 0.013221
graycode6_47
0.0 5.0 5.0 5.0 0.0 4.7E-4
4gt13-v1_93
0.0 30.0 86.0 39.0 6.0 0.00893
wim_266
0.0 427.0 1305.0 534.0 64.0 0.033651
urf2_152
0.0 35210.0 116737.0 51470.0 9281.0 1.945583
urf2_277
0.0 10066.0 29858.0 15336.0 2947.0 0.495144
4mod5-bdd_287
0.0 31.0 97.0 44.0 5.0 0.004331
life_238
1.0 9800.0 31187.0 13939.0 2435.0 0.862115
ham3_102
0.0 11.0 20.0 13.0 0.0 5.48E-4
ex-1_166
0.0 9.0 19.0 12.0 0.0 0.00728
4gt4-v0_80
5.0 79.0 199.0 101.0 7.0 0.028496
mod5mils_65
2.0 16.0 35.0 21.0 0.0 0.00257
root_255
1.0 7493.0 22297.0 10010.0 1708.0 0.672549
0example
1.0 9.0 12.0 6.0 1.0 0.004246
alu-v4_36
1.0 51.0 121.0 66.0 2.0 0.017559
alu-v4_37
1.0 18.0 58.0 33.0 3.0 0.002883
ex1_226
1.0 5.0 10.0 6.0 1.0 9.62E-4
one-two-three-v0_98
0.0 65.0 169.0 82.0 7.0 0.00705
one-two-three-v0_97
1.0 128.0 362.0 176.0 25.0 0.010093
one-two-three-v3_101
3.0 32.0 92.0 40.0 7.0 0.005671
sym10_262
0.0 28084.0 88248.0 41602.0 6665.0 1.412882
rd32_270
1.0 36.0 93.0 47.0 3.0 0.012791
dc1_220
1.0 833.0 2464.0 1216.0 102.0 0.063216
rd53_251
1.0 564.0 1685.0 888.0 91.0 0.042023
rd53_130
0.0 448.0 1338.0 580.0 92.0 0.036782
cm42a_207
0.0 771.0 2311.0 1082.0 148.0 0.061335
rd53_311
1.0 124.0 358.0 137.0 26.0 0.011183
4mod5-v1_24
1.0 16.0 36.0 21.0 0.0 0.001443
mod5adder_127
2.0 239.0 742.0 312.0 42.0 0.028345
4_49_16
0.0 99.0 252.0 125.0 12.0 0.010802
hwb5_53
1.0 598.0 2024.0 946.0 172.0 0.051872
dc2_222
0.0 4131.0 12309.0 6023.0 932.0 0.368976
ex3_229
0.0 175.0 448.0 232.0 15.0 0.01159
rd84_142
0.0 154.0 365.0 104.0 11.0 0.016073
alu-v2_32
1.0 72.0 223.0 93.0 7.0 0.011935
z4_268
1.0 1343.0 4094.0 1944.0 268.0 0.115171
4gt10-v1_81
4.0 66.0 190.0 84.0 12.0 0.024819
alu-v2_31
0.0 198.0 587.0 254.0 42.0 0.017394
alu-v2_30
1.0 223.0 770.0 305.0 51.0 0.019763
sym6_145
1.0 1701.0 5183.0 2281.0 378.0 0.145707
sf_276
0.0 336.0 960.0 437.0 43.0 0.025271
decod24-v1_41
1.0 38.0 88.0 50.0 1.0 0.011937
sf_274
1.0 336.0 1059.0 436.0 57.0 0.027152
alu-v2_33
1.0 17.0 40.0 22.0 1.0 0.034587
4gt4-v1_74
1.0 119.0 386.0 154.0 10.0 0.014693
co14_215
0.0 7840.0 22947.0 9715.0 1644.0 0.730078
cnt3-5_180
0.0 215.0 577.0 227.0 35.0 0.016467
cm152a_212
1.0 532.0 1583.0 683.0 75.0 0.2588
cnt3-5_179
0.0 85.0 179.0 68.0 7.0 0.013745
sym6_316
0.0 123.0 344.0 166.0 25.0 0.010056
4mod5-v1_22
1.0 11.0 21.0 12.0 0.0 0.092534
4mod5-v1_23
3.0 32.0 84.0 41.0 5.0 0.01114
mini_alu_305
4.0 77.0 193.0 87.0 12.0 0.10609
mlp4_245
1.0 8232.0 25765.0 11888.0 1897.0 0.761786
alu-v0_26
3.0 38.0 90.0 49.0 2.0 0.005522
alu-bdd_288
4.0 38.0 98.0 59.0 6.0 0.012816
alu-v0_27
0.0 17.0 45.0 21.0 1.0 0.032985
qft_16
1.0 240.0 421.0 56.0 6.0 0.083325
hwb8_113
0.0 30372.0 98830.0 45464.0 6924.0 1.612558
urf1_149
0.0 80878.0 252552.0 106687.0 21648.0 4.124916
4gt13_91
2.0 49.0 109.0 61.0 2.0 0.192884
4gt5_77
0.0 58.0 170.0 73.0 14.0 0.059974
4gt13_92
3.0 30.0 77.0 38.0 4.0 0.005394
4gt5_76
1.0 46.0 130.0 56.0 4.0 0.007585
4gt5_75
0.0 38.0 88.0 47.0 2.0 0.011027
one-two-three-v1_99
2.0 59.0 171.0 96.0 12.0 0.008291
4gt12-v1_89
1.0 100.0 291.0 135.0 3.0 0.011169
4gt13_90
2.0 53.0 131.0 65.0 5.0 0.008154
plus63mod8192_164
0.0 81865.0 256786.0 124672.0 22890.0 4.552309
pm1_249
1.0 771.0 2348.0 1084.0 122.0 0.0616
ising_model_10
3.0 90.0 480.0 45.0 0.0 0.011151
ising_model_13
0.0 120.0 633.0 47.0 0.0 0.004186
urf1_278
0.0 26692.0 77573.0 35837.0 6582.0 1.301505
misex1_241
0.0 2100.0 6220.0 2948.0 424.0 0.161153
4gt11_84
2.0 9.0 18.0 11.0 0.0 0.001395
mod5d1_63
5.0 13.0 25.0 16.0 1.0 0.059608
4gt11_83
3.0 14.0 23.0 16.0 0.0 0.005871
ising_model_16
1.0 150.0 786.0 52.0 0.0 0.008657
squar5_261
1.0 869.0 2599.0 1257.0 142.0 0.077783
4gt11_82
3.0 18.0 30.0 20.0 1.0 0.005208
decod24-v3_45
3.0 64.0 191.0 84.0 14.0 0.020579
adr4_197
0.0 1498.0 4474.0 2093.0 317.0 0.118255
rd32-v1_68
0.0 16.0 45.0 21.0 3.0 0.002877
hwb6_56
0.0 2952.0 9327.0 4392.0 716.0 0.261333
mini-alu_167
0.0 126.0 424.0 161.0 41.0 0.010608
one-two-three-v2_100
1.0 32.0 81.0 40.0 4.0 0.011169
4mod7-v0_94
2.0 72.0 185.0 102.0 5.0 0.007635
cm82a_208
1.0 283.0 791.0 334.0 40.0 0.0238
cm85a_209
1.0 4986.0 14703.0 7145.0 977.0 0.432969
rd84_253
1.0 5960.0 17890.0 7878.0 1426.0 0.508418
mod8-10_178
1.0 152.0 453.0 191.0 33.0 0.019631
mod8-10_177
1.0 196.0 596.0 250.0 50.0 0.015802
dist_223
0.0 16624.0 50990.0 22449.0 4070.0 0.784693
majority_239
0.0 267.0 787.0 340.0 47.0 0.022751
inc_237
0.0 4636.0 14031.0 6929.0 870.0 0.366074
qft_10
2.0 90.0 177.0 39.0 4.0 0.011844
miller_11
1.0 23.0 77.0 38.0 9.0 0.004545
decod24-bdd_294
0.0 32.0 85.0 40.0 4.0 0.003767
con1_216
0.0 415.0 1257.0 593.0 70.0 0.033401