decod24-enable_126
12.0 149.0 418.0 191.0 27.0 0.670823
4mod5-v0_19
0.0 16.0 35.0 21.0 0.0 0.171727
4mod5-v0_18
83.0 31.0 75.0 40.0 2.0 0.143401
mod5d2_64
0.0 25.0 65.0 32.0 4.0 0.116549
alu-v3_35
23.0 18.0 39.0 25.0 1.0 0.084863
4gt4-v0_72
3.0 113.0 281.0 140.0 10.0 0.490185
4gt4-v0_73
31.0 179.0 464.0 229.0 17.0 0.765729
alu-v3_34
5.0 24.0 55.0 33.0 1.0 0.135545
3_17_13
0.0 17.0 36.0 22.0 0.0 0.001336
4gt4-v0_78
11.0 109.0 262.0 134.0 10.0 0.441617
4gt4-v0_79
29.0 105.0 275.0 138.0 10.0 0.458968
mod10_171
0.0 108.0 291.0 139.0 17.0 0.440709
4mod7-v1_96
96.0 72.0 212.0 94.0 12.0 0.333764
ex2_227
10.0 275.0 725.0 406.0 32.0 1.19207
mod10_176
2.0 78.0 219.0 101.0 14.0 0.340322
rd73_252
22.0 2319.0 6531.0 3463.0 425.0 2.174984
max46_240
0.0 11844.0 35218.0 15905.0 2870.0 11.223981
cycle10_2_110
0.0 2648.0 8297.0 3901.0 715.0 0.127243
4mod5-v0_20
0.0 10.0 20.0 12.0 0.0 0.005298
0410184_169
1.0 104.0 237.0 125.0 9.0 0.028492
sqrt8_260
1.0 1314.0 3798.0 1882.0 233.0 1.272117
urf4_187
21.0 224028.0 627624.0 307259.0 38014.0 198.47274
sqn_258
11.0 4459.0 13031.0 6820.0 851.0 4.274674
aj-e11_165
1.0 69.0 174.0 86.0 8.0 0.276253
alu-v1_28
24.0 18.0 39.0 22.0 1.0 0.390021
f2_232
55.0 525.0 1378.0 687.0 42.0 2.087797
radd_250
22.0 1405.0 3958.0 1978.0 230.0 1.360769
ham15_107
0.0 3858.0 11796.0 5429.0 988.0 0.186093
4gt12-v0_86
10.0 116.0 273.0 139.0 5.0 0.490541
4gt12-v0_87
10.0 112.0 266.0 135.0 4.0 0.475233
alu-v1_29
6.0 17.0 45.0 27.0 1.0 0.086914
4gt12-v0_88
8.0 86.0 211.0 117.0 3.0 0.3681
ham7_104
51.0 149.0 402.0 221.0 24.0 0.622189
C17_204
40.0 205.0 523.0 285.0 21.0 0.887652
xor5_254
0.0 5.0 7.0 5.0 0.0 3.77E-4
hwb4_49
3.0 107.0 272.0 132.0 14.0 0.426687
rd73_140
41.0 104.0 231.0 103.0 8.0 0.385693
sao2_257
11.0 16864.0 48990.0 22734.0 3743.0 12.711833
decod24-v0_38
0.0 23.0 51.0 30.0 0.0 0.001578
sym9_148
16.0 9408.0 26681.0 15488.0 1544.0 8.962914
rd53_131
82.0 200.0 535.0 264.0 17.0 0.899325
rd53_133
69.0 256.0 672.0 329.0 31.0 1.157315
urf5_280
60.0 23764.0 64916.0 33753.0 5104.0 65.037394
square_root_7
2.0 3089.0 9562.0 4439.0 339.0 4.232133
rd53_135
22.0 134.0 343.0 158.0 15.0 0.607031
sys6-v0_111
96.0 98.0 226.0 89.0 9.0 0.405326
rd53_138
117.0 60.0 140.0 60.0 4.0 0.352026
decod24-v2_43
0.0 22.0 52.0 30.0 0.0 0.10328
hwb7_59
19.0 10681.0 30776.0 16590.0 2064.0 29.130682
rd32-v0_66
0.0 16.0 34.0 20.0 0.0 0.001172
sym9_146
31.0 148.0 354.0 134.0 11.0 0.214953
graycode6_47
0.0 5.0 5.0 5.0 0.0 0.041042
4gt13-v1_93
0.0 30.0 68.0 39.0 0.0 0.004133
wim_266
9.0 427.0 1179.0 581.0 55.0 0.366943
urf2_152
5.0 35210.0 104521.0 55001.0 7496.0 97.480083
urf5_158
33.0 71932.0 214652.0 109809.0 16829.0 204.911446
urf2_277
25.0 10066.0 27081.0 14966.0 2522.0 27.515723
4mod5-bdd_287
2.0 31.0 70.0 41.0 0.0 0.004235
life_238
7.0 9800.0 29167.0 14515.0 2263.0 9.420014
ham3_102
0.0 11.0 20.0 13.0 0.0 0.001108
ex-1_166
0.0 9.0 19.0 12.0 0.0 0.014068
4gt4-v0_80
8.0 79.0 196.0 104.0 6.0 0.347898
mod5mils_65
0.0 16.0 35.0 21.0 0.0 9.53E-4
root_255
11.0 7493.0 21571.0 10387.0 1528.0 7.329014
0example
36.0 9.0 10.0 4.0 0.0 0.040722
alu-v4_36
38.0 51.0 151.0 66.0 6.0 0.232094
alu-v4_37
9.0 18.0 39.0 25.0 1.0 0.08402
ex1_226
0.0 5.0 7.0 5.0 0.0 0.02123
one-two-three-v0_98
3.0 65.0 176.0 94.0 10.0 0.263525
one-two-three-v0_97
8.0 128.0 357.0 163.0 23.0 0.538517
9symml_195
0.0 15232.0 45772.0 22241.0 3920.0 0.758747
one-two-three-v3_101
4.0 32.0 79.0 40.0 3.0 0.124629
sym10_262
18.0 28084.0 85182.0 39379.0 6709.0 28.916034
rd32_270
23.0 36.0 90.0 50.0 2.0 0.160227
dc1_220
11.0 833.0 2426.0 1386.0 110.0 0.375895
rd53_251
30.0 564.0 1556.0 754.0 74.0 0.843085
rd53_130
48.0 448.0 1167.0 573.0 52.0 1.989432
cm42a_207
20.0 771.0 2160.0 1026.0 84.0 0.675671
rd53_311
78.0 124.0 315.0 151.0 14.0 0.475424
4mod5-v1_24
0.0 16.0 36.0 21.0 0.0 0.001856
mod5adder_127
28.0 239.0 606.0 323.0 19.0 1.03951
4_49_16
72.0 99.0 274.0 125.0 14.0 0.407221
hwb5_53
4.0 598.0 1608.0 798.0 79.0 2.728266
dc2_222
0.0 4131.0 12638.0 6317.0 804.0 0.193851
ex3_229
7.0 175.0 425.0 234.0 8.0 0.656898
rd84_142
3.0 154.0 330.0 114.0 11.0 0.32749
alu-v2_32
4.0 72.0 206.0 101.0 14.0 0.308795
z4_268
4.0 1343.0 3824.0 1731.0 216.0 1.281487
4gt10-v1_81
2.0 66.0 188.0 84.0 12.0 0.27833
alu-v2_31
11.0 198.0 553.0 255.0 35.0 0.841225
alu-v2_30
6.0 223.0 563.0 286.0 21.0 0.987271
sym6_145
60.0 1701.0 4296.0 2219.0 138.0 7.729104
sf_276
106.0 336.0 824.0 446.0 17.0 1.496602
decod24-v1_41
43.0 38.0 94.0 50.0 3.0 0.15382
sf_274
2.0 336.0 806.0 435.0 10.0 1.391515
alu-v2_33
9.0 17.0 45.0 30.0 1.0 0.120654
4gt4-v1_74
8.0 119.0 294.0 162.0 7.0 0.533285
co14_215
0.0 7840.0 22663.0 9776.0 1822.0 0.457416
cnt3-5_180
4.0 215.0 583.0 247.0 25.0 0.421542
cm152a_212
9.0 532.0 1486.0 688.0 66.0 1.075743
cnt3-5_179
5.0 85.0 179.0 59.0 4.0 0.035893
sym6_316
64.0 123.0 326.0 133.0 16.0 2.103688
4mod5-v1_22
0.0 11.0 21.0 12.0 0.0 0.097632
4mod5-v1_23
0.0 32.0 84.0 41.0 2.0 0.147277
mini_alu_305
71.0 77.0 175.0 78.0 4.0 0.647544
mlp4_245
0.0 8232.0 24770.0 11892.0 2045.0 0.395241
alu-v0_26
3.0 38.0 104.0 54.0 7.0 0.167612
alu-bdd_288
31.0 38.0 91.0 52.0 4.0 0.191462
alu-v0_27
46.0 17.0 38.0 24.0 1.0 0.110556
qft_16
0.0 240.0 396.0 63.0 3.0 0.028539
hwb8_113
0.0 30372.0 95577.0 51713.0 8761.0 1.578308
urf1_149
0.0 80878.0 240559.0 122418.0 19351.0 229.944647
plus63mod4096_163
9.0 56329.0 171110.0 83630.0 13209.0 57.191628
urf3_155
22.0 185276.0 567697.0 287312.0 43367.0 179.834947
urf3_279
13.0 60380.0 172650.0 88582.0 14278.0 58.364052
4gt13_91
6.0 49.0 124.0 69.0 7.0 0.369147
4gt5_77
7.0 58.0 160.0 78.0 11.0 0.309142
4gt13_92
0.0 30.0 66.0 38.0 0.0 0.003021
hwb9_119
0.0 90955.0 277155.0 140676.0 18816.0 86.973659
4gt5_76
21.0 46.0 107.0 58.0 6.0 0.20685
4gt5_75
6.0 38.0 93.0 47.0 4.0 0.226596
one-two-three-v1_99
1.0 59.0 163.0 76.0 11.0 0.266212
4gt12-v1_89
108.0 100.0 268.0 130.0 11.0 0.42455
4gt13_90
6.0 53.0 128.0 73.0 7.0 0.207098
plus63mod8192_164
1.0 81865.0 253029.0 123966.0 19262.0 21.832799
pm1_249
20.0 771.0 2160.0 1026.0 84.0 0.670263
sym9_193
2.0 15232.0 45208.0 22049.0 3688.0 14.667378
ising_model_10
0.0 90.0 480.0 45.0 0.0 1.671673
ising_model_13
0.0 120.0 633.0 47.0 0.0 7.237033
urf1_278
8.0 26692.0 71448.0 38380.0 6086.0 73.863109
misex1_241
2.0 2100.0 5969.0 2927.0 262.0 0.494222
4gt11_84
0.0 9.0 18.0 11.0 0.0 4.49E-4
mod5d1_63
0.0 13.0 22.0 13.0 0.0 0.060149
4gt11_83
0.0 14.0 23.0 16.0 0.0 0.007917
ising_model_16
0.0 150.0 786.0 52.0 0.0 2.550486
squar5_261
12.0 869.0 2432.0 1208.0 102.0 0.836152
4gt11_82
0.0 18.0 30.0 20.0 1.0 0.070051
decod24-v3_45
10.0 64.0 187.0 99.0 9.0 0.284195
ground_state_estimation_10
4.0 154209.0 416375.0 221306.0 6892.0 122.300302
adr4_197
0.0 1498.0 4518.0 2220.0 323.0 0.070627
rd32-v1_68
0.0 16.0 36.0 21.0 0.0 0.001228
hwb6_56
41.0 2952.0 7887.0 3781.0 437.0 13.906003
mini-alu_167
3.0 126.0 363.0 183.0 26.0 0.534337
one-two-three-v2_100
0.0 32.0 78.0 40.0 3.0 0.134085
4mod7-v0_94
20.0 72.0 180.0 92.0 7.0 0.303322
clip_206
0.0 14772.0 45344.0 20740.0 3652.0 0.689334
cm82a_208
71.0 283.0 753.0 385.0 24.0 1.145375
cm85a_209
0.0 4986.0 14899.0 7342.0 1145.0 0.257217
rd84_253
4.0 5960.0 17518.0 8284.0 1309.0 5.913591
mod8-10_178
3.0 152.0 356.0 196.0 5.0 0.610924
mod8-10_177
5.0 196.0 482.0 254.0 14.0 0.775832
dist_223
0.0 16624.0 50688.0 23291.0 3902.0 0.830738
majority_239
100.0 267.0 703.0 364.0 24.0 1.238028
inc_237
0.0 4636.0 14099.0 6699.0 827.0 0.390668
qft_10
3.0 90.0 175.0 40.0 3.0 0.10381
miller_11
0.0 23.0 50.0 29.0 0.0 0.001691
decod24-bdd_294
2.0 32.0 82.0 40.0 1.0 0.136451
urf6_160
0.0 75180.0 232877.0 106113.0 20567.0 19.717602
con1_216
2.0 415.0 1082.0 540.0 48.0 0.373723