4gt13_92
0.000000 30.000000 66.000000 38.000000 0.000000 0.002290 
one-two-three-v0_97
54.000000 128.000000 353.000000 184.000000 22.000000 0.547706 
mod5adder_127
4.000000 239.000000 657.000000 343.000000 37.000000 1.905495 
4mod5-v1_24
0.000000 16.000000 36.000000 21.000000 0.000000 0.001508 
rd53_251
41.000000 564.000000 1637.000000 755.000000 121.000000 1.381378 
decod24-v0_38
0.000000 23.000000 51.000000 30.000000 0.000000 0.001758 
wim_266
5.000000 427.000000 1172.000000 581.000000 72.000000 0.570681 
dc2_222
0.000000 4131.000000 12843.000000 6212.000000 1202.000000 0.222497 
alu-v4_36
105.000000 51.000000 138.000000 66.000000 8.000000 0.217777 
sym6_316
3.000000 123.000000 296.000000 138.000000 16.000000 3.377177 
mod10_171
14.000000 108.000000 302.000000 150.000000 20.000000 0.420561 
pm1_249
0.000000 771.000000 2070.000000 1051.000000 109.000000 1.160090 
alu-v1_29
2.000000 17.000000 48.000000 26.000000 4.000000 0.088498 
f2_232
102.000000 525.000000 1404.000000 721.000000 73.000000 2.522821 
4gt4-v0_73
111.000000 179.000000 491.000000 227.000000 33.000000 0.845000 
radd_250
21.000000 1405.000000 3999.000000 1997.000000 285.000000 2.395470 
ising_model_13
0.000000 120.000000 633.000000 47.000000 0.000000 0.004603 
alu-v1_28
0.000000 18.000000 48.000000 27.000000 4.000000 0.088305 
sqrt8_260
6.000000 1314.000000 3843.000000 1859.000000 300.000000 1.661070 
decod24-enable_126
13.000000 149.000000 410.000000 203.000000 26.000000 0.823925 
mod8-10_177
24.000000 196.000000 514.000000 264.000000 25.000000 0.895397 
sym9_146
33.000000 148.000000 321.000000 138.000000 18.000000 0.525028 
con1_216
9.000000 415.000000 1123.000000 509.000000 66.000000 0.537712 
3_17_13
0.000000 17.000000 36.000000 22.000000 0.000000 0.001528 
rd53_130
85.000000 448.000000 1250.000000 584.000000 77.000000 3.629035 
adr4_197
13.000000 1498.000000 4348.000000 2164.000000 344.000000 2.805555 
urf1_149
66.000000 80878.000000 251068.000000 108618.000000 23126.000000 310.078743 
rd53_138
114.000000 60.000000 136.000000 54.000000 6.000000 0.511965 
square_root_7
2.000000 3089.000000 11122.000000 4462.000000 1280.000000 10.222042 
alu-v2_31
14.000000 198.000000 597.000000 288.000000 49.000000 0.902982 
alu-v4_37
2.000000 18.000000 48.000000 28.000000 4.000000 0.090757 
rd53_135
15.000000 134.000000 341.000000 159.000000 18.000000 0.755855 
ex1_226
0.000000 5.000000 7.000000 5.000000 0.000000 0.001247 
rd84_253
1.000000 5960.000000 18407.000000 8472.000000 1739.000000 8.290784 
cnt3-5_179
1.000000 85.000000 179.000000 60.000000 4.000000 0.033791 
ex2_227
34.000000 275.000000 750.000000 400.000000 42.000000 1.332867 
rd53_133
41.000000 256.000000 698.000000 323.000000 42.000000 1.391413 
rd73_252
0.000000 2319.000000 6987.000000 3363.000000 611.000000 4.148724 
ising_model_10
0.000000 90.000000 480.000000 44.000000 0.000000 0.004347 
4gt5_75
15.000000 38.000000 97.000000 52.000000 5.000000 0.261997 
sym9_193
0.000000 15232.000000 48217.000000 21729.000000 4757.000000 26.979127 
4mod7-v1_96
52.000000 72.000000 197.000000 94.000000 12.000000 0.424098 
urf2_277
42.000000 10066.000000 28183.000000 11623.000000 2991.000000 44.281755 
sym9_148
9.000000 9408.000000 27258.000000 14641.000000 2062.000000 12.004926 
urf3_155
2.000000 185276.000000 594766.000000 239735.000000 59857.000000 233.172440 
4gt13_91
0.000000 49.000000 124.000000 61.000000 7.000000 0.377184 
rd32_270
17.000000 36.000000 90.000000 53.000000 2.000000 0.164310 
rd32-v1_68
0.000000 16.000000 36.000000 21.000000 0.000000 0.001507 
4gt4-v0_79
50.000000 105.000000 281.000000 148.000000 17.000000 0.515295 
alu-v2_32
12.000000 72.000000 208.000000 109.000000 16.000000 0.314671 
4mod5-bdd_287
100.000000 31.000000 88.000000 44.000000 6.000000 0.158114 
one-two-three-v0_98
3.000000 65.000000 177.000000 92.000000 11.000000 0.294235 
decod24-v3_45
84.000000 64.000000 190.000000 84.000000 14.000000 0.312070 
life_238
0.000000 9800.000000 30692.000000 13605.000000 2932.000000 18.566096 
co14_215
2.000000 7840.000000 23311.000000 9793.000000 2229.000000 3.163315 
ground_state_estimation_10
13.000000 154209.000000 427553.000000 223721.000000 12979.000000 145.700965 
4mod5-v0_19
0.000000 16.000000 35.000000 21.000000 0.000000 0.173164 
inc_237
0.000000 4636.000000 13761.000000 6779.000000 1112.000000 0.617334 
one-two-three-v1_99
108.000000 59.000000 161.000000 76.000000 10.000000 0.267708 
4gt12-v1_89
18.000000 100.000000 261.000000 142.000000 11.000000 0.448263 
rd73_140
71.000000 104.000000 200.000000 88.000000 7.000000 0.687462 
ham3_102
0.000000 11.000000 20.000000 13.000000 0.000000 0.001389 
hwb9_119
11.000000 90955.000000 293562.000000 129351.000000 30034.000000 147.886140 
4mod5-v1_22
0.000000 11.000000 21.000000 12.000000 0.000000 0.094433 
rd32-v0_66
0.000000 16.000000 34.000000 20.000000 0.000000 0.001749 
sqn_258
0.000000 4459.000000 12988.000000 6288.000000 1039.000000 7.583948 
rd84_142
28.000000 154.000000 306.000000 127.000000 13.000000 1.229198 
4gt13_90
0.000000 53.000000 128.000000 65.000000 7.000000 0.210222 
root_255
19.000000 7493.000000 22567.000000 10296.000000 1992.000000 13.862818 
urf1_278
5.000000 26692.000000 78391.000000 39197.000000 8557.000000 145.737505 
hwb4_49
56.000000 107.000000 273.000000 150.000000 14.000000 0.423257 
4gt12-v0_87
48.000000 112.000000 292.000000 147.000000 17.000000 0.601467 
misex1_241
2.000000 2100.000000 6001.000000 3041.000000 413.000000 0.840666 
4mod5-v0_18
17.000000 31.000000 81.000000 48.000000 4.000000 0.149464 
4mod5-v0_20
0.000000 10.000000 20.000000 12.000000 0.000000 0.001365 
rd53_131
50.000000 200.000000 559.000000 262.000000 33.000000 1.291873 
sym10_262
10.000000 28084.000000 87258.000000 38989.000000 8208.000000 51.117769 
plus63mod8192_164
0.000000 81865.000000 264228.000000 130965.000000 27037.000000 39.011881 
mini_alu_305
65.000000 77.000000 158.000000 75.000000 4.000000 1.135813 
clip_206
4.000000 14772.000000 45585.000000 21260.000000 4334.000000 4.745260 
ham7_104
32.000000 149.000000 393.000000 223.000000 25.000000 0.700093 
decod24-bdd_294
4.000000 32.000000 82.000000 45.000000 3.000000 0.140031 
z4_268
1.000000 1343.000000 4001.000000 1836.000000 340.000000 1.917864 
sym6_145
93.000000 1701.000000 4569.000000 2202.000000 248.000000 12.694119 
dist_223
0.000000 16624.000000 49986.000000 23927.000000 4440.000000 20.638881 
urf2_152
38.000000 35210.000000 107751.000000 44632.000000 9502.000000 176.755351 
alu-v2_33
2.000000 17.000000 49.000000 27.000000 4.000000 0.123966 
alu-bdd_288
92.000000 38.000000 117.000000 48.000000 11.000000 0.226204 
graycode6_47
0.000000 5.000000 5.000000 5.000000 0.000000 0.001203 
4gt13-v1_93
0.000000 30.000000 68.000000 39.000000 0.000000 0.001844 
cm82a_208
105.000000 283.000000 706.000000 345.000000 27.000000 1.583795 
4mod5-v1_23
17.000000 32.000000 80.000000 47.000000 4.000000 0.157507 
one-two-three-v3_101
30.000000 32.000000 82.000000 49.000000 4.000000 0.124534 
cm42a_207
0.000000 771.000000 2070.000000 1051.000000 109.000000 1.156984 
qft_16
0.000000 240.000000 378.000000 61.000000 3.000000 0.320339 
hwb8_113
24.000000 30372.000000 94274.000000 46378.000000 8710.000000 103.259527 
alu-v0_27
2.000000 17.000000 47.000000 27.000000 4.000000 0.115398 
aj-e11_165
28.000000 69.000000 170.000000 88.000000 7.000000 0.300727 
4gt12-v0_88
26.000000 86.000000 215.000000 115.000000 8.000000 0.408547 
cm85a_209
0.000000 4986.000000 15024.000000 7488.000000 1272.000000 6.845901 
0example
19.000000 9.000000 7.000000 4.000000 0.000000 0.010332 
4gt12-v0_86
48.000000 116.000000 299.000000 152.000000 18.000000 0.615365 
max46_240
2.000000 11844.000000 35433.000000 16341.000000 3149.000000 20.881169 
mod8-10_178
96.000000 152.000000 379.000000 192.000000 13.000000 0.745814 
miller_11
0.000000 23.000000 50.000000 29.000000 0.000000 0.001916 
C17_204
33.000000 205.000000 553.000000 313.000000 34.000000 1.288293 
4gt5_76
48.000000 46.000000 117.000000 61.000000 9.000000 0.204383 
decod24-v1_41
15.000000 38.000000 94.000000 56.000000 3.000000 0.151372 
cycle10_2_110
10.000000 2648.000000 8095.000000 3736.000000 718.000000 3.970747 
urf5_158
64.000000 71932.000000 224680.000000 90639.000000 20989.000000 273.814707 
urf3_279
16.000000 60380.000000 178140.000000 98099.000000 19160.000000 86.427414 
4gt5_77
54.000000 58.000000 160.000000 78.000000 11.000000 0.317712 
ham15_107
0.000000 3858.000000 12153.000000 5814.000000 1215.000000 0.290209 
majority_239
77.000000 267.000000 718.000000 342.000000 38.000000 1.708245 
urf6_160
0.000000 75180.000000 243942.000000 112813.000000 25293.000000 34.668107 
plus63mod4096_163
12.000000 56329.000000 179698.000000 87738.000000 17901.000000 71.996492 
mod5d1_63
0.000000 13.000000 22.000000 13.000000 0.000000 0.057151 
sf_274
82.000000 336.000000 831.000000 435.000000 18.000000 1.572980 
ising_model_16
0.000000 150.000000 786.000000 46.000000 0.000000 0.005363 
decod24-v2_43
0.000000 22.000000 52.000000 30.000000 0.000000 0.001733 
alu-v0_26
3.000000 38.000000 111.000000 61.000000 9.000000 0.194670 
4gt10-v1_81
18.000000 66.000000 192.000000 89.000000 15.000000 0.312019 
hwb7_59
65.000000 10681.000000 31040.000000 16358.000000 2415.000000 42.506435 
4gt11_83
0.000000 14.000000 23.000000 16.000000 0.000000 0.009329 
4gt4-v1_74
29.000000 119.000000 299.000000 159.000000 9.000000 0.593064 
ex3_229
20.000000 175.000000 420.000000 234.000000 7.000000 0.659994 
mod5d2_64
10.000000 25.000000 65.000000 39.000000 4.000000 0.110090 
sys6-v0_111
102.000000 98.000000 220.000000 75.000000 11.000000 0.746750 
sf_276
60.000000 336.000000 875.000000 445.000000 33.000000 1.810187 
4mod7-v0_94
87.000000 72.000000 196.000000 92.000000 12.000000 0.328528 
alu-v3_35
0.000000 18.000000 48.000000 28.000000 4.000000 0.090275 
4gt4-v0_78
21.000000 109.000000 251.000000 142.000000 6.000000 0.486602 
dc1_220
10.000000 833.000000 2295.000000 1192.000000 137.000000 0.589326 
mini-alu_167
77.000000 126.000000 369.000000 162.000000 27.000000 0.550121 
qft_10
11.000000 90.000000 162.000000 35.000000 2.000000 0.377008 
0410184_169
4.000000 104.000000 238.000000 114.000000 11.000000 0.038477 
sao2_257
5.000000 16864.000000 50905.000000 24350.000000 4749.000000 25.707161 
squar5_261
8.000000 869.000000 2452.000000 1218.000000 175.000000 1.015744 
4_49_16
6.000000 99.000000 264.000000 163.000000 16.000000 0.401547 
xor5_254
0.000000 5.000000 7.000000 5.000000 0.000000 0.001205 
4gt11_84
0.000000 9.000000 18.000000 11.000000 0.000000 0.001303 
mlp4_245
0.000000 8232.000000 26236.000000 12229.000000 2639.000000 0.691584 
hwb6_56
92.000000 2952.000000 8459.000000 3707.000000 607.000000 17.078750 
mod10_176
21.000000 78.000000 219.000000 101.000000 14.000000 0.344325 
4gt11_82
1.000000 18.000000 30.000000 20.000000 1.000000 0.068434 
4gt4-v0_72
24.000000 113.000000 283.000000 144.000000 9.000000 0.563096 
alu-v2_30
1.000000 223.000000 604.000000 282.000000 35.000000 1.205782 
9symml_195
0.000000 15232.000000 48217.000000 21729.000000 4757.000000 26.776106 
ex-1_166
0.000000 9.000000 19.000000 12.000000 0.000000 0.013607 
hwb5_53
72.000000 598.000000 1612.000000 756.000000 94.000000 3.092681 
4gt4-v0_80
26.000000 79.000000 203.000000 108.000000 9.000000 0.391412 
cnt3-5_180
43.000000 215.000000 530.000000 226.000000 31.000000 0.893602 
rd53_311
36.000000 124.000000 304.000000 141.000000 20.000000 0.948518 
urf4_187
22.000000 224028.000000 648856.000000 290824.000000 50002.000000 366.373964 
cm152a_212
25.000000 532.000000 1433.000000 718.000000 78.000000 1.370792 
urf5_280
70.000000 23764.000000 69053.000000 30966.000000 6920.000000 110.712735 
alu-v3_34
54.000000 24.000000 58.000000 33.000000 2.000000 0.139218 
mod5mils_65
0.000000 16.000000 35.000000 21.000000 0.000000 0.001811 
one-two-three-v2_100
10.000000 32.000000 78.000000 42.000000 3.000000 0.129559 
