4gt13_92
0.000000 30.000000 66.000000 38.000000 0.000000 0.002289 
one-two-three-v0_97
2.000000 128.000000 372.000000 173.000000 21.000000 0.779619 
mod5adder_127
17.000000 239.000000 679.000000 328.000000 19.000000 1.698125 
4mod5-v1_24
0.000000 16.000000 36.000000 21.000000 0.000000 0.001495 
rd53_251
35.000000 564.000000 1544.000000 719.000000 88.000000 0.957702 
decod24-v0_38
0.000000 23.000000 51.000000 30.000000 0.000000 0.001717 
wim_266
3.000000 427.000000 1146.000000 572.000000 61.000000 0.480656 
dc2_222
0.000000 4131.000000 11597.000000 5940.000000 774.000000 0.232237 
alu-v4_36
49.000000 51.000000 130.000000 71.000000 6.000000 0.203781 
sym6_316
87.000000 123.000000 284.000000 135.000000 12.000000 2.815497 
mod10_171
17.000000 108.000000 291.000000 139.000000 17.000000 0.476617 
pm1_249
13.000000 771.000000 1994.000000 1033.000000 85.000000 0.760772 
alu-v1_29
16.000000 17.000000 39.000000 21.000000 1.000000 0.116153 
f2_232
31.000000 525.000000 1317.000000 683.000000 42.000000 2.607364 
4gt4-v0_73
111.000000 179.000000 442.000000 224.000000 17.000000 0.813514 
radd_250
13.000000 1405.000000 3800.000000 1863.000000 219.000000 1.574459 
ising_model_13
0.000000 120.000000 633.000000 47.000000 0.000000 0.004639 
alu-v1_28
14.000000 18.000000 39.000000 22.000000 1.000000 0.109623 
sqrt8_260
21.000000 1314.000000 3606.000000 1789.000000 221.000000 1.737880 
decod24-enable_126
13.000000 149.000000 407.000000 194.000000 24.000000 0.752055 
mod8-10_177
23.000000 196.000000 479.000000 255.000000 13.000000 0.803255 
sym9_146
25.000000 148.000000 346.000000 126.000000 15.000000 0.260538 
con1_216
12.000000 415.000000 1087.000000 511.000000 57.000000 0.457036 
3_17_13
0.000000 17.000000 36.000000 22.000000 0.000000 0.001577 
rd53_130
85.000000 448.000000 1219.000000 589.000000 65.000000 2.601771 
adr4_197
18.000000 1498.000000 4103.000000 2078.000000 254.000000 1.748425 
urf1_149
66.000000 80878.000000 240058.000000 111591.000000 19289.000000 261.995348 
rd53_138
110.000000 60.000000 135.000000 54.000000 4.000000 0.426786 
square_root_7
17.000000 3089.000000 8369.000000 3991.000000 312.000000 4.672512 
alu-v2_31
8.000000 198.000000 562.000000 258.000000 38.000000 0.863798 
alu-v4_37
16.000000 18.000000 39.000000 25.000000 1.000000 0.086418 
rd53_135
28.000000 134.000000 339.000000 160.000000 16.000000 0.820657 
ex1_226
0.000000 5.000000 7.000000 5.000000 0.000000 0.001203 
rd84_253
22.000000 5960.000000 17018.000000 8014.000000 1247.000000 6.824249 
cnt3-5_179
9.000000 85.000000 179.000000 60.000000 4.000000 0.029872 
ex2_227
41.000000 275.000000 727.000000 351.000000 34.000000 1.609319 
rd53_133
108.000000 256.000000 637.000000 326.000000 22.000000 1.232389 
rd73_252
0.000000 2319.000000 6450.000000 3216.000000 424.000000 2.541686 
ising_model_10
0.000000 90.000000 480.000000 44.000000 0.000000 0.005080 
4gt5_75
15.000000 38.000000 93.000000 47.000000 4.000000 0.165303 
sym9_193
21.000000 15232.000000 44244.000000 20786.000000 3298.000000 17.153521 
4mod7-v1_96
52.000000 72.000000 197.000000 96.000000 12.000000 0.346564 
urf2_277
27.000000 10066.000000 27072.000000 14638.000000 2573.000000 33.844931 
sym9_148
9.000000 9408.000000 25271.000000 13372.000000 1360.000000 9.949077 
urf3_155
21.000000 185276.000000 550368.000000 256028.000000 44108.000000 199.356749 
4gt13_91
0.000000 49.000000 124.000000 61.000000 7.000000 0.354337 
rd32_270
17.000000 36.000000 90.000000 53.000000 2.000000 0.141831 
rd32-v1_68
0.000000 16.000000 36.000000 21.000000 0.000000 0.001451 
4gt4-v0_79
14.000000 105.000000 257.000000 144.000000 10.000000 0.506536 
alu-v2_32
17.000000 72.000000 200.000000 103.000000 13.000000 0.313764 
4mod5-bdd_287
26.000000 31.000000 70.000000 41.000000 0.000000 0.033675 
one-two-three-v0_98
23.000000 65.000000 172.000000 99.000000 10.000000 0.275963 
decod24-v3_45
17.000000 64.000000 179.000000 93.000000 11.000000 0.301156 
life_238
23.000000 9800.000000 28409.000000 13132.000000 2121.000000 11.309335 
co14_215
2.000000 7840.000000 21829.000000 9644.000000 1651.000000 2.577928 
ground_state_estimation_10
12.000000 154209.000000 406376.000000 219918.000000 5749.000000 159.930335 
4mod5-v0_19
0.000000 16.000000 35.000000 21.000000 0.000000 0.165204 
inc_237
1.000000 4636.000000 12524.000000 6426.000000 686.000000 0.419838 
one-two-three-v1_99
103.000000 59.000000 161.000000 76.000000 10.000000 0.224488 
4gt12-v1_89
18.000000 100.000000 261.000000 142.000000 11.000000 0.417206 
rd73_140
92.000000 104.000000 235.000000 94.000000 7.000000 0.460156 
ham3_102
0.000000 11.000000 20.000000 13.000000 0.000000 0.001279 
hwb9_119
18.000000 90955.000000 273468.000000 123244.000000 23080.000000 98.650010 
4mod5-v1_22
0.000000 11.000000 21.000000 12.000000 0.000000 0.090663 
rd32-v0_66
0.000000 16.000000 34.000000 20.000000 0.000000 0.001646 
sqn_258
5.000000 4459.000000 12531.000000 6102.000000 866.000000 4.690866 
rd84_142
28.000000 154.000000 295.000000 106.000000 12.000000 0.633415 
4gt13_90
0.000000 53.000000 128.000000 65.000000 7.000000 0.186465 
root_255
20.000000 7493.000000 20753.000000 9711.000000 1372.000000 8.378209 
urf1_278
16.000000 26692.000000 71948.000000 34661.000000 6257.000000 84.454125 
hwb4_49
16.000000 107.000000 268.000000 142.000000 13.000000 0.444041 
4gt12-v0_87
84.000000 112.000000 258.000000 131.000000 4.000000 0.507004 
misex1_241
4.000000 2100.000000 5576.000000 2859.000000 271.000000 0.520985 
4mod5-v0_18
58.000000 31.000000 72.000000 43.000000 1.000000 0.143222 
4mod5-v0_20
0.000000 10.000000 20.000000 12.000000 0.000000 0.001320 
rd53_131
21.000000 200.000000 523.000000 276.000000 20.000000 1.009129 
sym10_262
11.000000 28084.000000 80931.000000 38059.000000 6060.000000 33.925086 
plus63mod8192_164
0.000000 81865.000000 246555.000000 121950.000000 20965.000000 25.922956 
mini_alu_305
167.000000 77.000000 162.000000 69.000000 2.000000 0.821051 
clip_206
4.000000 14772.000000 41948.000000 19911.000000 3023.000000 4.296495 
ham7_104
14.000000 149.000000 390.000000 202.000000 24.000000 0.631490 
decod24-bdd_294
80.000000 32.000000 78.000000 40.000000 2.000000 0.147509 
z4_268
18.000000 1343.000000 3673.000000 1865.000000 227.000000 2.033365 
sym6_145
111.000000 1701.000000 4517.000000 2224.000000 226.000000 10.645584 
dist_223
0.000000 16624.000000 46572.000000 22292.000000 3220.000000 18.636181 
urf2_152
45.000000 35210.000000 102268.000000 44512.000000 7545.000000 113.577401 
alu-v2_33
17.000000 17.000000 39.000000 24.000000 1.000000 0.127090 
alu-bdd_288
77.000000 38.000000 95.000000 47.000000 4.000000 0.198985 
graycode6_47
0.000000 5.000000 5.000000 5.000000 0.000000 0.001143 
4gt13-v1_93
0.000000 30.000000 68.000000 39.000000 0.000000 0.001770 
cm82a_208
30.000000 283.000000 696.000000 366.000000 23.000000 1.529269 
4mod5-v1_23
58.000000 32.000000 71.000000 42.000000 1.000000 0.169868 
one-two-three-v3_101
30.000000 32.000000 79.000000 45.000000 3.000000 0.128733 
cm42a_207
13.000000 771.000000 1994.000000 1033.000000 85.000000 0.760684 
qft_16
0.000000 240.000000 400.000000 56.000000 0.000000 0.066259 
hwb8_113
24.000000 30372.000000 87386.000000 43249.000000 6349.000000 97.555714 
alu-v0_27
17.000000 17.000000 38.000000 24.000000 1.000000 0.111058 
aj-e11_165
28.000000 69.000000 170.000000 88.000000 7.000000 0.256678 
4gt12-v0_88
12.000000 86.000000 200.000000 108.000000 3.000000 0.416517 
cm85a_209
0.000000 4986.000000 13626.000000 7083.000000 792.000000 4.759633 
0example
19.000000 9.000000 7.000000 4.000000 0.000000 0.010590 
4gt12-v0_86
84.000000 116.000000 265.000000 135.000000 5.000000 0.522932 
max46_240
8.000000 11844.000000 33675.000000 16748.000000 2467.000000 13.114816 
mod8-10_178
58.000000 152.000000 353.000000 195.000000 4.000000 0.632092 
miller_11
0.000000 23.000000 50.000000 29.000000 0.000000 0.001825 
C17_204
6.000000 205.000000 523.000000 285.000000 21.000000 0.960839 
4gt5_76
49.000000 46.000000 107.000000 58.000000 6.000000 0.196846 
decod24-v1_41
15.000000 38.000000 94.000000 56.000000 3.000000 0.136401 
cycle10_2_110
22.000000 2648.000000 7279.000000 3660.000000 438.000000 2.901402 
urf5_158
51.000000 71932.000000 213509.000000 105030.000000 17058.000000 228.891821 
urf3_279
20.000000 60380.000000 168416.000000 81686.000000 15641.000000 66.067420 
4gt5_77
54.000000 58.000000 160.000000 78.000000 11.000000 0.276500 
ham15_107
0.000000 3858.000000 11107.000000 5537.000000 846.000000 0.193579 
majority_239
43.000000 267.000000 696.000000 349.000000 31.000000 1.406747 
urf6_160
5.000000 75180.000000 228562.000000 106258.000000 19960.000000 23.058497 
plus63mod4096_163
7.000000 56329.000000 163714.000000 83118.000000 12393.000000 66.548177 
mod5d1_63
0.000000 13.000000 22.000000 13.000000 0.000000 0.057888 
sf_274
4.000000 336.000000 806.000000 441.000000 10.000000 1.385202 
ising_model_16
0.000000 150.000000 786.000000 46.000000 0.000000 0.005050 
decod24-v2_43
0.000000 22.000000 52.000000 30.000000 0.000000 0.001654 
alu-v0_26
4.000000 38.000000 104.000000 54.000000 7.000000 0.174329 
4gt10-v1_81
12.000000 66.000000 182.000000 86.000000 12.000000 0.304305 
hwb7_59
64.000000 10681.000000 30807.000000 13850.000000 2268.000000 34.285938 
4gt11_83
0.000000 14.000000 23.000000 16.000000 0.000000 0.008090 
4gt4-v1_74
29.000000 119.000000 294.000000 162.000000 7.000000 0.560796 
ex3_229
20.000000 175.000000 420.000000 234.000000 7.000000 0.605311 
mod5d2_64
62.000000 25.000000 65.000000 32.000000 4.000000 0.101324 
sys6-v0_111
11.000000 98.000000 192.000000 67.000000 10.000000 0.626468 
sf_276
113.000000 336.000000 810.000000 435.000000 12.000000 1.528704 
4mod7-v0_94
15.000000 72.000000 180.000000 92.000000 7.000000 0.315940 
alu-v3_35
14.000000 18.000000 39.000000 25.000000 1.000000 0.085061 
4gt4-v0_78
21.000000 109.000000 251.000000 142.000000 6.000000 0.415004 
dc1_220
7.000000 833.000000 2170.000000 1113.000000 95.000000 0.399005 
mini-alu_167
23.000000 126.000000 359.000000 171.000000 25.000000 0.571178 
qft_10
18.000000 90.000000 161.000000 33.000000 0.000000 0.190583 
0410184_169
8.000000 104.000000 219.000000 100.000000 6.000000 0.030810 
sao2_257
3.000000 16864.000000 47582.000000 22726.000000 3422.000000 14.726671 
squar5_261
22.000000 869.000000 2302.000000 1110.000000 125.000000 1.050650 
4_49_16
78.000000 99.000000 258.000000 125.000000 14.000000 0.366337 
xor5_254
0.000000 5.000000 7.000000 5.000000 0.000000 0.001174 
4gt11_84
0.000000 9.000000 18.000000 11.000000 0.000000 0.001240 
mlp4_245
0.000000 8232.000000 23670.000000 11464.000000 1760.000000 0.454190 
hwb6_56
101.000000 2952.000000 8012.000000 3706.000000 455.000000 14.994058 
mod10_176
6.000000 78.000000 219.000000 127.000000 14.000000 0.284688 
4gt11_82
1.000000 18.000000 30.000000 20.000000 1.000000 0.061323 
4gt4-v0_72
35.000000 113.000000 283.000000 138.000000 9.000000 0.490204 
alu-v2_30
13.000000 223.000000 563.000000 286.000000 21.000000 1.049436 
9symml_195
21.000000 15232.000000 44244.000000 20786.000000 3298.000000 17.308403 
ex-1_166
0.000000 9.000000 19.000000 12.000000 0.000000 0.013761 
hwb5_53
25.000000 598.000000 1577.000000 825.000000 82.000000 3.689602 
4gt4-v0_80
12.000000 79.000000 196.000000 104.000000 6.000000 0.373172 
cnt3-5_180
41.000000 215.000000 556.000000 206.000000 30.000000 0.563105 
rd53_311
36.000000 124.000000 300.000000 140.000000 18.000000 0.706760 
urf4_187
22.000000 224028.000000 614577.000000 279249.000000 37653.000000 225.169260 
cm152a_212
32.000000 532.000000 1390.000000 733.000000 64.000000 1.493320 
urf5_280
69.000000 23764.000000 64692.000000 32004.000000 5359.000000 76.251285 
alu-v3_34
53.000000 24.000000 55.000000 33.000000 1.000000 0.135159 
mod5mils_65
0.000000 16.000000 35.000000 21.000000 0.000000 0.001747 
one-two-three-v2_100
16.000000 32.000000 76.000000 42.000000 3.000000 0.114257 
