mini_alu_305
138.0 77.0 171.0 72.0 4.0 0.003129
life_238
7.0 9800.0 31819.0 15182.0 2972.0 0.447579
4gt4-v0_80
20.0 79.0 208.0 101.0 10.0 0.002507
ex-1_166
0.0 9.0 19.0 12.0 0.0 4.06E-4
rd53_251
9.0 564.0 1654.0 832.0 119.0 0.021528
4mod5-v0_20
0.0 10.0 20.0 12.0 0.0 3.89E-4
urf4_187
9.0 224028.0 684486.0 298283.0 52486.0 10.145062
miller_11
0.0 23.0 50.0 29.0 0.0 7.24E-4
decod24-bdd_294
2.0 32.0 82.0 40.0 3.0 0.00106
cnt3-5_180
24.0 215.0 569.0 215.0 33.0 0.008576
alu-v3_34
64.0 24.0 58.0 33.0 2.0 9.11E-4
4mod5-v0_18
2.0 31.0 84.0 40.0 5.0 0.001123
cycle10_2_110
0.0 2648.0 9181.0 4297.0 907.0 0.13485
4mod5-bdd_287
4.0 31.0 74.0 41.0 2.0 0.001199
urf1_278
29.0 26692.0 81345.0 42561.0 7952.0 1.234511
0example
36.0 9.0 7.0 4.0 0.0 5.57E-4
sym6_316
138.0 123.0 328.0 141.0 21.0 0.005079
4mod7-v1_96
96.0 72.0 221.0 94.0 18.0 0.002803
clip_206
0.0 14772.0 48845.0 21729.0 4762.0 0.74647
mod5d1_63
0.0 13.0 22.0 13.0 0.0 4.71E-4
4gt4-v1_74
20.0 119.0 326.0 158.0 9.0 0.003945
one-two-three-v0_98
5.0 65.0 177.0 81.0 11.0 0.002439
4gt4-v0_78
0.0 109.0 251.0 134.0 6.0 0.003246
hwb5_53
20.0 598.0 1647.0 816.0 94.0 0.020427
hwb7_59
24.0 10681.0 34066.0 17776.0 2789.0 0.483584
4mod5-v0_19
0.0 16.0 35.0 21.0 0.0 6.47E-4
cm85a_209
0.0 4986.0 15919.0 7814.0 1371.0 0.234009
4gt4-v0_79
2.0 105.0 281.0 148.0 17.0 0.003503
con1_216
17.0 415.0 1250.0 629.0 66.0 0.017369
sqrt8_260
10.0 1314.0 4101.0 1933.0 341.0 0.059956
alu-v1_28
7.0 18.0 48.0 22.0 4.0 7.17E-4
ising_model_16
1.0 150.0 786.0 52.0 0.0 0.002795
rd53_133
43.0 256.0 698.0 361.0 33.0 0.008949
one-two-three-v0_97
8.0 128.0 357.0 163.0 23.0 0.004322
co14_215
0.0 7840.0 23989.0 10351.0 2336.0 0.418051
alu-v0_27
0.0 17.0 48.0 21.0 4.0 7.81E-4
ex1_226
0.0 5.0 7.0 5.0 0.0 2.65E-4
decod24-enable_126
0.0 149.0 422.0 197.0 27.0 0.005515
wim_266
17.0 427.0 1224.0 582.0 85.0 0.016451
4gt12-v0_88
20.0 86.0 220.0 108.0 3.0 0.002641
urf1_149
26.0 80878.0 266891.0 121903.0 23043.0 3.767936
rd32-v1_68
0.0 16.0 36.0 21.0 0.0 5.47E-4
urf2_277
27.0 10066.0 29406.0 15696.0 3080.0 0.505956
hwb8_113
0.0 30372.0 105199.0 52247.0 11376.0 1.471241
3_17_13
0.0 17.0 36.0 22.0 0.0 5.21E-4
cm42a_207
22.0 771.0 2267.0 1095.0 140.0 0.029031
majority_239
64.0 267.0 756.0 340.0 39.0 0.011137
4gt13_90
6.0 53.0 128.0 73.0 7.0 0.001727
rd32-v0_66
0.0 16.0 34.0 20.0 0.0 6.2E-4
urf3_155
0.0 185276.0 616096.0 302219.0 53302.0 8.700707
4gt12-v0_87
0.0 112.0 326.0 130.0 27.0 0.004329
root_255
1.0 7493.0 23448.0 11260.0 1908.0 0.351583
xor5_254
0.0 5.0 7.0 5.0 0.0 2.03E-4
4gt10-v1_81
2.0 66.0 192.0 84.0 15.0 0.002463
dc1_220
1.0 833.0 2456.0 1291.0 170.0 0.037152
plus63mod8192_164
4.0 81865.0 273384.0 129801.0 28089.0 4.070453
sqn_258
12.0 4459.0 14050.0 7106.0 1142.0 0.192495
decod24-v1_41
59.0 38.0 94.0 56.0 3.0 0.001337
4_49_16
0.0 99.0 264.0 125.0 16.0 0.003287
4gt12-v1_89
12.0 100.0 261.0 140.0 11.0 0.003107
sym10_262
18.0 28084.0 92012.0 40937.0 8812.0 1.375084
sys6-v0_111
90.0 98.0 200.0 74.0 12.0 0.008442
decod24-v3_45
7.0 64.0 190.0 84.0 14.0 0.002393
alu-v2_30
6.0 223.0 607.0 317.0 35.0 0.007579
alu-v2_33
0.0 17.0 49.0 22.0 4.0 8.15E-4
mlp4_245
0.0 8232.0 27502.0 12576.0 2578.0 0.455937
mod5mils_65
0.0 16.0 35.0 21.0 0.0 5.75E-4
z4_268
7.0 1343.0 4067.0 1837.0 327.0 0.058023
mod8-10_177
4.0 196.0 514.0 275.0 25.0 0.00623
rd53_138
23.0 60.0 138.0 53.0 5.0 0.003752
decod24-v2_43
0.0 22.0 52.0 30.0 0.0 8.18E-4
rd53_135
57.0 134.0 368.0 158.0 18.0 0.005912
max46_240
0.0 11844.0 37769.0 18092.0 3606.0 0.536694
sym6_145
67.0 1701.0 5152.0 2453.0 244.0 0.067726
C17_204
46.0 205.0 582.0 295.0 33.0 0.007197
decod24-v0_38
0.0 23.0 51.0 30.0 0.0 6.92E-4
cnt3-5_179
0.0 85.0 179.0 60.0 4.0 0.002035
rd32_270
74.0 36.0 90.0 53.0 2.0 0.00126
one-two-three-v3_101
4.0 32.0 82.0 40.0 4.0 0.001074
4gt5_76
21.0 46.0 116.0 59.0 9.0 0.001715
4gt11_82
0.0 18.0 30.0 20.0 1.0 5.48E-4
alu-v3_35
0.0 18.0 49.0 22.0 4.0 7.18E-4
pm1_249
22.0 771.0 2267.0 1095.0 140.0 0.029468
square_root_7
7.0 3089.0 11376.0 4855.0 1322.0 0.201718
4mod7-v0_94
20.0 72.0 196.0 96.0 13.0 0.0026
4gt5_77
7.0 58.0 160.0 78.0 11.0 0.002181
cm152a_212
18.0 532.0 1544.0 744.0 103.0 0.022202
dc2_222
0.0 4131.0 13308.0 6496.0 1228.0 0.195945
hwb4_49
1.0 107.0 277.0 134.0 15.0 0.00351
4mod5-v1_23
2.0 32.0 84.0 41.0 5.0 0.001141
4gt4-v0_72
9.0 113.0 283.0 143.0 9.0 0.003348
alu-v2_31
7.0 198.0 601.0 301.0 49.0 0.007489
ham7_104
18.0 149.0 397.0 220.0 25.0 0.005225
sym9_148
13.0 9408.0 29191.0 15487.0 2258.0 0.403799
alu-v4_37
0.0 18.0 49.0 22.0 4.0 7.79E-4
4mod5-v1_22
0.0 11.0 21.0 12.0 0.0 4.79E-4
urf6_160
2.0 75180.0 248157.0 111308.0 25500.0 3.614626
rd53_311
27.0 124.0 318.0 151.0 19.0 0.006274
alu-v4_36
14.0 51.0 138.0 66.0 8.0 0.001784
urf5_280
50.0 23764.0 74742.0 36140.0 6773.0 1.106313
plus63mod4096_163
14.0 56329.0 188207.0 86629.0 17137.0 2.770298
hwb6_56
60.0 2952.0 9175.0 4072.0 604.0 0.132456
4gt13-v1_93
0.0 30.0 68.0 39.0 0.0 8.42E-4
sf_274
13.0 336.0 929.0 455.0 18.0 0.010898
4gt11_84
0.0 9.0 18.0 11.0 0.0 3.17E-4
sao2_257
10.0 16864.0 52898.0 24385.0 5054.0 0.835363
hwb9_119
1.0 90955.0 304581.0 150835.0 25247.0 4.274172
4gt12-v0_86
0.0 116.0 333.0 134.0 28.0 0.004296
mini-alu_167
18.0 126.0 369.0 169.0 27.0 0.004494
mod10_176
2.0 78.0 219.0 101.0 14.0 0.00268
rd73_252
9.0 2319.0 7071.0 3433.0 545.0 0.101897
one-two-three-v1_99
14.0 59.0 161.0 76.0 10.0 0.002076
squar5_261
18.0 869.0 2477.0 1158.0 181.0 0.034071
mod5adder_127
66.0 239.0 719.0 323.0 40.0 0.009096
rd53_130
88.0 448.0 1305.0 615.0 64.0 0.015959
ising_model_10
0.0 90.0 480.0 45.0 0.0 0.002357
ising_model_13
0.0 120.0 633.0 47.0 0.0 0.002815
adr4_197
0.0 1498.0 4896.0 2376.0 462.0 0.072971
4gt13_92
0.0 30.0 66.0 38.0 0.0 9.46E-4
sym9_193
4.0 15232.0 49722.0 22910.0 4695.0 0.74072
sf_276
3.0 336.0 892.0 490.0 33.0 0.010549
4gt5_75
11.0 38.0 115.0 47.0 10.0 0.00163
urf3_279
12.0 60380.0 188461.0 98872.0 18573.0 2.97
4gt11_83
0.0 14.0 23.0 16.0 0.0 5.06E-4
alu-v2_32
12.0 72.0 213.0 139.0 17.0 0.002659
urf5_158
36.0 71932.0 237489.0 109142.0 20995.0 3.30969
rd73_140
76.0 104.0 261.0 108.0 13.0 0.004364
ground_state_estimation_10
11.0 154209.0 441747.0 228837.0 14879.0 5.707697
graycode6_47
0.0 5.0 5.0 5.0 0.0 2.14E-4
f2_232
42.0 525.0 1452.0 723.0 82.0 0.020497
4gt4-v0_73
30.0 179.0 491.0 227.0 33.0 0.006103
one-two-three-v2_100
1.0 32.0 78.0 40.0 3.0 0.001045
alu-v1_29
0.0 17.0 49.0 22.0 4.0 7.19E-4
9symml_195
0.0 15232.0 51034.0 23611.0 5245.0 0.776472
rd84_253
12.0 5960.0 18965.0 8550.0 1744.0 0.289417
urf2_152
10.0 35210.0 115338.0 54063.0 9487.0 1.576596
4gt13_91
6.0 49.0 124.0 69.0 7.0 0.001624
dist_223
0.0 16624.0 53833.0 24186.0 4933.0 0.829528
rd53_131
12.0 200.0 574.0 278.0 34.0 0.007
ham15_107
0.0 3858.0 12453.0 5796.0 1256.0 0.185131
mod8-10_178
20.0 152.0 392.0 195.0 13.0 0.004584
inc_237
0.0 4636.0 14593.0 7102.0 1235.0 0.21617
alu-v0_26
5.0 38.0 111.0 49.0 9.0 0.001484
sym9_146
34.0 148.0 346.0 134.0 17.0 0.008408
ham3_102
0.0 11.0 20.0 13.0 0.0 4.16E-4
cm82a_208
99.0 283.0 776.0 350.0 27.0 0.011729
radd_250
12.0 1405.0 4312.0 1980.0 362.0 0.063576
qft_10
3.0 90.0 171.0 37.0 3.0 0.008145
0410184_169
5.0 104.0 238.0 114.0 11.0 0.002879
4mod5-v1_24
0.0 16.0 36.0 21.0 0.0 5.12E-4
alu-bdd_288
48.0 38.0 107.0 53.0 8.0 0.002519
qft_16
0.0 240.0 369.0 62.0 3.0 0.14029
aj-e11_165
9.0 69.0 174.0 86.0 8.0 0.002181
ex2_227
15.0 275.0 786.0 350.0 51.0 0.010429
mod10_171
2.0 108.0 304.0 139.0 20.0 0.003703
misex1_241
3.0 2100.0 6300.0 2921.0 381.0 0.085732
ex3_229
7.0 175.0 423.0 225.0 7.0 0.004726
rd84_142
3.0 154.0 295.0 101.0 14.0 0.01337
mod5d2_64
0.0 25.0 65.0 32.0 4.0 9.22E-4