4gt13_92
0 66 38 0
1 108 77 14 0.017
4mod5-v1_24
0 36 21 0
1 45 30 3 0.001
decod24-v0_38
0 51 30 0
1 69 49 6 0.002
alu-v1_29
0 37 22 0
1 70 46 11 0.014
alu-v1_28
0 37 22 0
1 70 50 11 0.023
3_17_13
0 36 22 0
1 54 40 6 0.004
alu-v4_37
0 37 22 0
1 61 44 8 0.001
ex1_226
0 7 5 0
1 10 8 1 0.0
4gt5_75
0 83 47 0
1 131 95 16 0.002
rd32_270
0 84 47 0
1 102 64 6 0.0
rd32-v1_68
0 36 21 0
1 54 40 6 0.001
4mod5-bdd_287
0 70 41 0
1 94 59 8 0.001
4mod5-v0_19
0 35 21 0
1 35 21 0 0.0
ham3_102
0 20 13 0
1 29 22 3 0.0
4mod5-v1_22
0 21 12 0
1 36 27 5 0.005
rd32-v0_66
0 34 20 0
1 52 39 6 0.008
4mod5-v0_18
0 69 40 0
1 81 48 4 0.004
4mod5-v0_20
0 20 12 0
1 32 24 4 0.006
decod24-bdd_294
0 73 40 0
1 100 68 9 0.0
alu-v2_33
0 37 22 0
1 61 43 8 0.0
alu-bdd_288
0 84 48 0
1 132 86 16 0.001
graycode6_47
0 5 5 0
1 5 5 0 0.0
4gt13-v1_93
0 68 39 0
1 107 76 13 0.002
4mod5-v1_23
0 69 41 0
1 81 49 4 0.0
one-two-three-v3_101
0 70 40 0
1 112 73 14 0.001
alu-v0_27
0 36 21 0
1 69 45 11 0.005
0example
0 9 6 0
1 24 15 5 0.002
miller_11
0 50 29 0
1 77 57 9 0.0
4gt5_76
0 91 56 0
1 163 125 24 0.008
decod24-v1_41
0 85 50 0
1 127 92 14 0.005
mod5d1_63
0 22 13 0
1 25 15 1 0.0
decod24-v2_43
0 52 30 0
1 79 57 9 0.0
alu-v0_26
0 84 49 0
1 123 83 13 0.003
4gt11_83
0 23 16 0
1 23 16 0 0.0
mod5d2_64
0 53 32 0
1 77 53 8 0.001
alu-v3_35
0 37 22 0
1 61 44 8 0.0
xor5_254
0 7 5 0
1 10 8 1 0.0
4gt11_84
0 18 11 0
1 27 19 3 0.0
4gt11_82
0 27 20 0
1 30 23 1 0.001
ex-1_166
0 19 12 0
1 28 22 3 0.0
alu-v3_34
0 52 30 0
1 73 49 7 0.001
mod5mils_65
0 35 21 0
1 53 40 6 0.001
one-two-three-v2_100
0 69 40 0
1 93 64 8 0.055
rd53_251
0 1291 712 0
1 1981 1341 230 0.643
dc2_222
0 9462 5242 0
1 9999999 9999999 9999999
pm1_249
0 1776 940 0
1 2658 1739 294 7.063
f2_232
0 1206 668 0
1 1860 1268 218 0.316
radd_250
0 3213 1781 0
1 4746 3093 511 20.841
sqrt8_260
0 3009 1661 0
1 4380 2787 457 16.972
rd53_130
0 1043 569 0
1 1613 1073 190 6.361
adr4_197
0 3439 1839 0
1 9999999 9999999 9999999
urf1_149
0 184864 99586 0
1 9999999 9999999 9999999
square_root_7
0 7630 3847 0
1 9999999 9999999 9999999
rd84_253
0 13658 7261 0
1 9999999 9999999 9999999
rd73_252
0 5321 2867 0
1 7445 4601 708 142.144
sym9_193
0 34881 19235 0
1 9999999 9999999 9999999
urf2_277
0 20112 11390 0
1 31458 20336 3782 86.516
sym9_148
0 21504 12087 0
1 9999999 9999999 9999999
urf3_155
0 423488 229365 0
1 9999999 9999999 9999999
life_238
0 22445 12511 0
1 33482 21809 3679 359.031
co14_215
0 17936 8570 0
1 9999999 9999999 9999999
ground_state_estimation_10
0 390180 217236 0
1 435843 260172 15221 138.149
inc_237
0 10619 5864 0
1 15167 9767 1516 184.799
hwb9_119
0 207775 116199 0
1 9999999 9999999 9999999
sqn_258
0 10223 5458 0
1 9999999 9999999 9999999
root_255
0 17159 8839 0
1 9999999 9999999 9999999
urf1_278
0 54766 30955 0
1 9999999 9999999 9999999
misex1_241
0 4813 2676 0
1 6613 4258 600 1.738
sym10_262
0 64283 35572 0
1 9999999 9999999 9999999
plus63mod8192_164
0 187112 105142 0
1 9999999 9999999 9999999
clip_206
0 33827 17879 0
1 9999999 9999999 9999999
z4_268
0 3073 1644 0
1 9999999 9999999 9999999
sym6_145
0 3888 2187 0
1 6138 4294 750 20.636
dist_223
0 38046 19694 0
1 9999999 9999999 9999999
urf2_152
0 80480 44100 0
1 112211 71645 10577 25.257
cm42a_207
0 1776 940 0
1 2658 1739 294 6.951
hwb8_113
0 69380 38717 0
1 9999999 9999999 9999999
cm85a_209
0 11414 6374 0
1 9999999 9999999 9999999
max46_240
0 27126 14257 0
1 9999999 9999999 9999999
cycle10_2_110
0 6050 3386 0
1 8933 5826 961 22.276
urf5_158
0 164416 89148 0
1 9999999 9999999 9999999
urf3_279
0 125362 70702 0
1 9999999 9999999 9999999
ham15_107
0 8763 4819 0
1 9999999 9999999 9999999
urf6_160
0 171840 93645 0
1 9999999 9999999 9999999
plus63mod4096_163
0 128744 72246 0
1 9999999 9999999 9999999
hwb7_59
0 24379 13437 0
1 35545 23025 3722 42.154
dc1_220
0 1914 1041 0
1 3027 2035 371 1.061
sao2_257
0 38577 19563 0
1 9999999 9999999 9999999
squar5_261
0 1993 1051 0
1 2863 1801 290 0.91
mlp4_245
0 18852 10328 0
1 9999999 9999999 9999999
hwb6_56
0 6723 3736 0
1 9450 6129 909 15.951
9symml_195
0 34881 19235 0
1 9999999 9999999 9999999
hwb5_53
0 1336 758 0
1 1855 1234 173 0.023
urf4_187
0 512064 264330 0
1 9999999 9999999 9999999
cm152a_212
0 1221 684 0
1 1725 1125 168 1.208
urf5_280
0 49829 27822 0
1 9999999 9999999 9999999
4gt13_92
0 66 38 0
1 108 77 14 0.014
one-two-three-v0_97
0 290 163 0
1 482 331 64 0.768
mod5adder_127
0 555 302 0
1 888 609 111 0.176
4mod5-v1_24
0 36 21 0
1 45 30 3 0.0
rd53_251
0 1291 712 0
1 1981 1341 230 0.522
decod24-v0_38
0 51 30 0
1 69 49 6 0.0
wim_266
0 986 514 0
1 1427 912 147 0.548
dc2_222
0 9462 5242 0
1 9999999 9999999 9999999
alu-v4_36
0 115 66 0
1 181 128 22 0.001
sym6_316
0 270 135 0
1 438 280 56 0.44
mod10_171
0 244 139 0
1 361 257 39 0.004
pm1_249
0 1776 940 0
1 2658 1739 294 7.27
alu-v1_29
0 37 22 0
1 70 46 11 0.005
f2_232
0 1206 668 0
1 1860 1268 218 0.371
4gt4-v0_73
0 395 227 0
1 623 442 76 0.428
radd_250
0 3213 1781 0
1 4746 3093 511 20.407
ising_model_13
0 633 47 0
1 717 137 28 229.942
alu-v1_28
0 37 22 0
1 70 50 11 0.002
sqrt8_260
0 3009 1661 0
1 4380 2787 457 17.279
decod24-enable_126
0 338 190 0
1 518 358 60 0.09
mod8-10_177
0 440 251 0
1 614 415 58 0.076
sym9_146
0 328 127 0
1 490 235 54 0.416
con1_216
0 954 508 0
1 1485 919 177 0.523
3_17_13
0 36 22 0
1 54 40 6 0.0
rd53_130
0 1043 569 0
1 1613 1073 190 6.369
adr4_197
0 3439 1839 0
1 9999999 9999999 9999999
urf1_149
0 184864 99586 0
1 9999999 9999999 9999999
rd53_138
0 132 56 0
1 201 90 23 0.208
square_root_7
0 7630 3847 0
1 9999999 9999999 9999999
alu-v2_31
0 451 255 0
1 706 490 85 0.01
alu-v4_37
0 37 22 0
1 61 44 8 0.001
rd53_135
0 296 159 0
1 410 261 38 0.218
ex1_226
0 7 5 0
1 10 8 1 0.0
rd84_253
0 13658 7261 0
1 9999999 9999999 9999999
cnt3-5_179
0 175 61 0
1 280 124 35 2.925
ex2_227
0 631 355 0
1 994 679 121 0.219
rd53_133
0 580 327 0
1 886 596 102 0.176
rd73_252
0 5321 2867 0
1 7445 4601 708 141.636
ising_model_10
0 480 45 0
1 546 120 22 9.759
4gt5_75
0 83 47 0
1 131 95 16 0.004
sym9_193
0 34881 19235 0
1 9999999 9999999 9999999
4mod7-v1_96
0 164 94 0
1 245 168 27 0.004
urf2_277
0 20112 11390 0
1 31458 20336 3782 83.724
sym9_148
0 21504 12087 0
1 9999999 9999999 9999999
urf3_155
0 423488 229365 0
1 9999999 9999999 9999999
4gt13_91
0 103 61 0
1 133 88 10 0.001
rd32_270
0 84 47 0
1 102 64 6 0.0
rd32-v1_68
0 36 21 0
1 54 40 6 0.001
4gt4-v0_79
0 231 132 0
1 375 259 48 0.291
alu-v2_32
0 163 92 0
1 244 163 27 0.006
4mod5-bdd_287
0 70 41 0
1 94 59 8 0.001
one-two-three-v0_98
0 146 82 0
1 242 174 32 0.018
decod24-v3_45
0 150 84 0
1 246 180 32 0.027
life_238
0 22445 12511 0
1 33482 21809 3679 354.726
co14_215
0 17936 8570 0
1 9999999 9999999 9999999
ground_state_estimation_10
0 390180 217236 0
1 435843 260172 15221 137.028
4mod5-v0_19
0 35 21 0
1 35 21 0 0.0
inc_237
0 10619 5864 0
1 15167 9767 1516 179.344
one-two-three-v1_99
0 132 76 0
1 210 146 26 0.002
4gt12-v1_89
0 228 130 0
1 342 239 38 0.045
rd73_140
0 230 92 0
1 335 147 35 0.391
ham3_102
0 20 13 0
1 29 22 3 0.0
hwb9_119
0 207775 116199 0
1 9999999 9999999 9999999
4mod5-v1_22
0 21 12 0
1 36 27 5 0.001
rd32-v0_66
0 34 20 0
1 52 39 6 0.001
sqn_258
0 10223 5458 0
1 9999999 9999999 9999999
rd84_142
0 343 110 0
1 493 195 50 85.938
4gt13_90
0 107 65 0
1 146 100 13 0.001
root_255
0 17159 8839 0
1 9999999 9999999 9999999
urf1_278
0 54766 30955 0
1 9999999 9999999 9999999
hwb4_49
0 233 134 0
1 347 236 38 0.004
4gt12-v0_87
0 247 131 0
1 382 246 45 0.154
misex1_241
0 4813 2676 0
1 6613 4258 600 1.615
4mod5-v0_18
0 69 40 0
1 81 48 4 0.0
4mod5-v0_20
0 20 12 0
1 32 24 4 0.0
rd53_131
0 469 261 0
1 763 509 98 0.21
sym10_262
0 64283 35572 0
1 9999999 9999999 9999999
plus63mod8192_164
0 187112 105142 0
1 9999999 9999999 9999999
mini_alu_305
0 173 71 0
1 257 139 28 0.349
clip_206
0 33827 17879 0
1 9999999 9999999 9999999
ham7_104
0 320 185 0
1 524 367 68 0.007
decod24-bdd_294
0 73 40 0
1 100 68 9 0.001
z4_268
0 3073 1644 0
1 9999999 9999999 9999999
sym6_145
0 3888 2187 0
1 6138 4294 750 20.107
dist_223
0 38046 19694 0
1 9999999 9999999 9999999
urf2_152
0 80480 44100 0
1 112211 71645 10577 24.919
alu-v2_33
0 37 22 0
1 61 43 8 0.001
alu-bdd_288
0 84 48 0
1 132 86 16 0.002
graycode6_47
0 5 5 0
1 5 5 0 0.0
4gt13-v1_93
0 68 39 0
1 107 76 13 0.001
cm82a_208
0 650 340 0
1 902 553 84 0.211
4mod5-v1_23
0 69 41 0
1 81 49 4 0.0
one-two-three-v3_101
0 70 40 0
1 112 73 14 0.002
cm42a_207
0 1776 940 0
1 2658 1739 294 6.641
qft_16
0 512 61 0
1 9999999 9999999 9999999
hwb8_113
0 69380 38717 0
1 9999999 9999999 9999999
alu-v0_27
0 36 21 0
1 69 45 11 0.003
aj-e11_165
0 151 86 0
1 250 184 33 0.005
4gt12-v0_88
0 194 108 0
1 269 176 25 0.014
cm85a_209
0 11414 6374 0
1 9999999 9999999 9999999
0example
0 9 6 0
1 24 15 5 0.001
4gt12-v0_86
0 251 135 0
1 395 254 48 0.181
max46_240
0 27126 14257 0
1 9999999 9999999 9999999
mod8-10_178
0 342 193 0
1 381 221 13 0.012
miller_11
0 50 29 0
1 77 57 9 0.0
C17_204
0 467 253 0
1 764 512 99 0.67
4gt5_76
0 91 56 0
1 163 125 24 0.006
decod24-v1_41
0 85 50 0
1 127 92 14 0.003
cycle10_2_110
0 6050 3386 0
1 8933 5826 961 21.574
urf5_158
0 164416 89148 0
1 9999999 9999999 9999999
urf3_279
0 125362 70702 0
1 9999999 9999999 9999999
4gt5_77
0 131 74 0
1 191 132 20 0.002
ham15_107
0 8763 4819 0
1 9999999 9999999 9999999
majority_239
0 612 344 0
1 927 639 105 0.326
urf6_160
0 171840 93645 0
1 9999999 9999999 9999999
plus63mod4096_163
0 128744 72246 0
1 9999999 9999999 9999999
mod5d1_63
0 22 13 0
1 25 15 1 0.0
sf_274
0 781 436 0
1 1027 663 82 0.463
ising_model_16
0 786 52 0
1 9999999 9999999 9999999
decod24-v2_43
0 52 30 0
1 79 57 9 0.0
alu-v0_26
0 84 49 0
1 123 83 13 0.002
4gt10-v1_81
0 148 84 0
1 232 158 28 0.031
hwb7_59
0 24379 13437 0
1 35545 23025 3722 42.051
4gt11_83
0 23 16 0
1 23 16 0 0.0
4gt4-v1_74
0 273 154 0
1 384 259 37 0.016
ex3_229
0 403 226 0
1 553 366 50 0.233
mod5d2_64
0 53 32 0
1 77 53 8 0.001
sys6-v0_111
0 215 75 0
1 329 142 38 0.406
sf_276
0 778 435 0
1 1192 830 138 0.087
4mod7-v0_94
0 162 92 0
1 270 198 36 0.059
alu-v3_35
0 37 22 0
1 61 44 8 0.001
4gt4-v0_78
0 235 137 0
1 379 266 48 0.236
dc1_220
0 1914 1041 0
1 3027 2035 371 1.075
mini-alu_167
0 288 162 0
1 435 304 49 0.018
qft_10
0 200 37 0
1 290 103 30 21.647
0410184_169
0 211 104 0
1 358 191 49 4.282
sao2_257
0 38577 19563 0
1 9999999 9999999 9999999
squar5_261
0 1993 1051 0
1 2863 1801 290 0.86
4_49_16
0 217 125 0
1 337 240 40 0.012
xor5_254
0 7 5 0
1 10 8 1 0.0
4gt11_84
0 18 11 0
1 27 19 3 0.001
mlp4_245
0 18852 10328 0
1 9999999 9999999 9999999
hwb6_56
0 6723 3736 0
1 9450 6129 909 15.631
mod10_176
0 178 101 0
1 292 204 38 0.177
4gt11_82
0 27 20 0
1 30 23 1 0.001
4gt4-v0_72
0 258 137 0
1 357 233 33 0.041
alu-v2_30
0 504 285 0
1 792 552 96 0.033
9symml_195
0 34881 19235 0
1 9999999 9999999 9999999
ex-1_166
0 19 12 0
1 28 22 3 0.001
hwb5_53
0 1336 758 0
1 1855 1234 173 0.033
4gt4-v0_80
0 179 101 0
1 245 164 22 0.004
cnt3-5_180
0 485 209 0
1 722 372 79 18.922
rd53_311
0 275 130 0
1 428 234 51 25.043
urf4_187
0 512064 264330 0
1 9999999 9999999 9999999
cm152a_212
0 1221 684 0
1 1725 1125 168 1.22
urf5_280
0 49829 27822 0
1 9999999 9999999 9999999
alu-v3_34
0 52 30 0
1 73 49 7 0.0
mod5mils_65
0 35 21 0
1 53 40 6 0.001
one-two-three-v2_100
0 69 40 0
1 93 64 8 0.082
