4gt13_92
105 76 13
4mod5-v1_24
39 21 1
decod24-v0_38
69 48 6
alu-v1_29
61 40 8
alu-v1_28
58 37 7
3_17_13
54 40 6
alu-v4_37
52 36 5
ex1_226
13 11 2
4gt5_75
89 53 2
rd32_270
120 83 12
rd32-v1_68
45 30 3
4mod5-bdd_287
109 78 13
4mod5-v0_19
35 21 0
ham3_102
20 13 0
4mod5-v1_22
33 24 4
rd32-v0_66
55 40 7
4mod5-v0_18
105 73 12
4mod5-v0_20
20 12 0
decod24-bdd_294
85 49 4
alu-v2_33
49 34 4
alu-bdd_288
117 77 11
graycode6_47
11 8 2
4gt13-v1_93
86 57 6
4mod5-v1_23
96 66 9
one-two-three-v3_101
100 67 10
alu-v0_27
45 30 3
0example
15 12 2
miller_11
77 56 9
4gt5_76
118 80 9
decod24-v1_41
109 73 8
mod5d1_63
28 18 2
decod24-v2_43
70 48 6
alu-v0_26
123 88 13
4gt11_83
38 28 5
mod5d2_64
77 56 8
alu-v3_35
46 31 3
xor5_254
13 11 2
4gt11_84
30 23 4
4gt11_82
51 39 8
ex-1_166
19 12 0
alu-v3_34
70 48 6
mod5mils_65
47 30 4
one-two-three-v2_100
108 79 13
one-two-three-v0_97
407 271 39
mod5adder_127
747 479 64
wim_266
1271 760 95
alu-v4_36
187 131 24
sym6_316
390 222 40
mod10_171
334 207 30
pm1_249
2403 1439 209
f2_232
1467 906 87
4gt4-v0_73
509 326 38
ising_model_13
633 77 0
decod24-enable_126
449 297 37
mod8-10_177
575 368 45
sym9_146
469 233 47
con1_216
1272 790 106
rd53_130
1484 977 147
rd53_138
177 89 15
alu-v2_31
583 378 44
rd53_135
419 257 41
cnt3-5_179
9999999 9999999 9999999
ex2_227
835 545 68
rd53_133
802 533 74
ising_model_10
534 106 18
4mod7-v1_96
239 165 25
4gt13_91
157 109 18
4gt4-v0_79
339 237 36
alu-v2_32
241 157 26
one-two-three-v0_98
170 106 8
decod24-v3_45
225 156 25
one-two-three-v1_99
189 131 19
4gt12-v1_89
327 220 33
rd73_140
344 179 38
rd84_142
541 214 66
4gt13_90
176 124 23
hwb4_49
281 176 16
4gt12-v0_87
340 211 31
rd53_131
598 389 43
mini_alu_305
254 119 27
ham7_104
458 309 46
cm82a_208
878 525 76
cm42a_207
2361 1427 195
qft_16
9999999 9999999 9999999
aj-e11_165
169 104 6
4gt12-v0_88
299 201 35
4gt12-v0_86
368 245 39
mod8-10_178
522 356 60
C17_204
635 399 56
4gt5_77
179 122 16
majority_239
861 561 83
sf_274
853 502 24
ising_model_16
9999999 9999999 9999999
4gt10-v1_81
214 142 22
4gt4-v1_74
405 257 44
ex3_229
466 286 21
sys6-v0_111
314 135 33
sf_276
1021 655 81
4mod7-v0_94
222 140 20
4gt4-v0_78
322 220 29
dc1_220
2712 1734 266
mini-alu_167
396 232 36
qft_10
290 103 30
0410184_169
9999999 9999999 9999999
squar5_261
2842 1741 283
4_49_16
259 167 14
mod10_176
229 148 17
4gt4-v0_72
360 223 34
alu-v2_30
762 523 86
hwb5_53
1975 1348 213
4gt4-v0_80
293 209 38
cnt3-5_180
638 319 51
rd53_311
428 247 51
cm152a_212
1674 1082 151
rd53_251
1756 1122 155
dc2_222
9999999 9999999 9999999
pm1_249
2403 1439 209
f2_232
1467 906 87
radd_250
4665 3013 484
sqrt8_260
4419 2844 470
rd53_130
1484 977 147
adr4_197
5152 3259 571
urf1_149
9999999 9999999 9999999
square_root_7
9999999 9999999 9999999
rd84_253
9999999 9999999 9999999
rd73_252
7463 4661 714
sym9_193
9999999 9999999 9999999
urf2_277
9999999 9999999 9999999
sym9_148
9999999 9999999 9999999
urf3_155
9999999 9999999 9999999
life_238
9999999 9999999 9999999
co14_215
9999999 9999999 9999999
ground_state_estimation_10
9999999 9999999 9999999
inc_237
14921 9626 1434
hwb9_119
9999999 9999999 9999999
sqn_258
9999999 9999999 9999999
root_255
9999999 9999999 9999999
urf1_278
9999999 9999999 9999999
misex1_241
6985 4594 724
sym10_262
9999999 9999999 9999999
plus63mod8192_164
9999999 9999999 9999999
clip_206
9999999 9999999 9999999
z4_268
4462 2795 463
sym6_145
5265 3426 459
dist_223
9999999 9999999 9999999
urf2_152
9999999 9999999 9999999
cm42a_207
2361 1427 195
hwb8_113
9999999 9999999 9999999
cm85a_209
9999999 9999999 9999999
max46_240
9999999 9999999 9999999
cycle10_2_110
8609 5538 853
urf5_158
9999999 9999999 9999999
urf3_279
9999999 9999999 9999999
ham15_107
9999999 9999999 9999999
urf6_160
9999999 9999999 9999999
plus63mod4096_163
9999999 9999999 9999999
hwb7_59
9999999 9999999 9999999
dc1_220
2712 1734 266
sao2_257
9999999 9999999 9999999
squar5_261
2842 1741 283
mlp4_245
9999999 9999999 9999999
hwb6_56
9660 6458 979
9symml_195
9999999 9999999 9999999
hwb5_53
1975 1348 213
urf4_187
9999999 9999999 9999999
cm152a_212
1674 1082 151
urf5_280
9999999 9999999 9999999

