mini_alu_305
1.0 77.0 191.0 70.0 8.0 0.003215
life_238
0.0 9800.0 34758.0 15293.0 3879.0 0.805537
4gt4-v0_80
1.0 79.0 236.0 110.0 17.0 0.003233
ex-1_166
0.0 9.0 19.0 12.0 0.0 4.83E-4
rd53_251
0.0 564.0 1997.0 1097.0 181.0 0.026124
4mod5-v0_20
0.0 10.0 20.0 12.0 0.0 3.54E-4
urf4_187
1.0 224028.0 750982.0 357633.0 84816.0 24.232381
miller_11
0.0 23.0 50.0 29.0 0.0 7.63E-4
decod24-bdd_294
0.0 32.0 117.0 59.0 9.0 0.001649
cnt3-5_180
0.0 215.0 641.0 226.0 59.0 0.010247
alu-v3_34
0.0 24.0 58.0 30.0 2.0 0.001172
4mod5-v0_18
0.0 31.0 114.0 58.0 4.0 0.001659
cycle10_2_110
0.0 2648.0 9477.0 4201.0 1113.0 0.205418
4mod5-bdd_287
0.0 31.0 94.0 56.0 8.0 0.001467
urf1_278
0.0 26692.0 87153.0 45472.0 10674.0 1.840582
0example
0.0 9.0 14.0 8.0 2.0 5.26E-4
sym6_316
0.0 123.0 345.0 157.0 30.0 0.007072
4mod7-v1_96
0.0 72.0 212.0 121.0 16.0 0.003338
clip_206
0.0 14772.0 50518.0 23676.0 5853.0 1.639895
mod5d1_63
0.0 13.0 22.0 13.0 0.0 5.24E-4
4gt4-v1_74
0.0 119.0 424.0 213.0 37.0 0.005416
one-two-three-v0_98
0.0 65.0 199.0 101.0 18.0 0.002753
4gt4-v0_78
0.0 109.0 263.0 153.0 8.0 0.003487
hwb5_53
0.0 598.0 2111.0 1166.0 244.0 0.028302
hwb7_59
0.0 10681.0 38539.0 19567.0 4155.0 0.626381
4mod5-v0_19
0.0 16.0 35.0 21.0 0.0 6.3E-4
cm85a_209
0.0 4986.0 17574.0 8007.0 2010.0 0.385145
4gt4-v0_79
0.0 105.0 250.0 141.0 4.0 0.003279
con1_216
0.0 415.0 1546.0 702.0 153.0 0.032336
sqrt8_260
0.0 1314.0 4692.0 2188.0 507.0 0.194573
alu-v1_28
0.0 18.0 42.0 22.0 2.0 7.66E-4
ising_model_16
0.0 150.0 786.0 52.0 0.0 0.00283
rd53_133
0.0 256.0 881.0 431.0 88.0 0.012578
one-two-three-v0_97
0.0 128.0 489.0 261.0 57.0 0.006693
co14_215
0.0 7840.0 24610.0 10431.0 2831.0 2.344085
alu-v0_27
0.0 17.0 41.0 21.0 2.0 8.59E-4
ex1_226
0.0 5.0 7.0 5.0 0.0 1.96E-4
decod24-enable_126
0.0 149.0 567.0 279.0 57.0 0.007275
wim_266
1.0 427.0 1460.0 720.0 109.0 0.030455
4gt12-v0_88
0.0 86.0 256.0 120.0 10.0 0.003418
urf1_149
0.0 80878.0 284500.0 141888.0 33785.0 5.49761
rd32-v1_68
0.0 16.0 36.0 21.0 0.0 5.13E-4
urf2_277
0.0 10066.0 32239.0 17260.0 4048.0 0.784795
hwb8_113
0.0 30372.0 108967.0 53894.0 12467.0 2.331471
3_17_13
0.0 17.0 36.0 22.0 0.0 5.54E-4
cm42a_207
0.0 771.0 2601.0 1237.0 242.0 0.058055
majority_239
0.0 267.0 961.0 548.0 77.0 0.012715
4gt13_90
0.0 53.0 122.0 65.0 5.0 0.001657
rd32-v0_66
0.0 16.0 34.0 20.0 0.0 5.8E-4
urf3_155
0.0 185276.0 649187.0 306479.0 76189.0 12.721426
4gt12-v0_87
0.0 112.0 278.0 142.0 11.0 0.003307
root_255
0.0 7493.0 25110.0 11341.0 2951.0 0.864519
xor5_254
0.0 5.0 7.0 5.0 0.0 2.24E-4
4gt10-v1_81
0.0 66.0 206.0 123.0 14.0 0.002805
dc1_220
1.0 833.0 2678.0 1334.0 197.0 0.035314
plus63mod8192_164
0.0 81865.0 293442.0 140504.0 35533.0 7.094882
sqn_258
0.0 4459.0 15285.0 6933.0 1761.0 0.396537
decod24-v1_41
1.0 38.0 121.0 57.0 10.0 0.001586
4_49_16
0.0 99.0 337.0 196.0 21.0 0.004568
4gt12-v1_89
0.0 100.0 307.0 160.0 27.0 0.003927
sym10_262
0.0 28084.0 99179.0 46880.0 12022.0 2.864336
sys6-v0_111
2.0 98.0 231.0 92.0 16.0 0.004826
decod24-v3_45
1.0 64.0 194.0 95.0 15.0 0.002472
alu-v2_30
0.0 223.0 756.0 430.0 84.0 0.00998
alu-v2_33
0.0 17.0 58.0 31.0 7.0 0.001034
mlp4_245
0.0 8232.0 29146.0 12950.0 3340.0 0.96935
mod5mils_65
0.0 16.0 35.0 21.0 0.0 5.73E-4
z4_268
0.0 1343.0 4656.0 2193.0 498.0 0.077736
mod8-10_177
0.0 196.0 703.0 352.0 81.0 0.009083
rd53_138
0.0 60.0 178.0 86.0 14.0 0.002759
decod24-v2_43
0.0 22.0 52.0 30.0 0.0 7.01E-4
rd53_135
0.0 134.0 435.0 192.0 45.0 0.007473
max46_240
0.0 11844.0 40865.0 19306.0 4385.0 1.181896
sym6_145
0.0 1701.0 6018.0 3237.0 654.0 0.079868
C17_204
0.0 205.0 685.0 322.0 68.0 0.015081
decod24-v0_38
0.0 23.0 51.0 30.0 0.0 7.34E-4
cnt3-5_179
0.0 85.0 196.0 57.0 9.0 0.00227
rd32_270
0.0 36.0 126.0 73.0 10.0 0.001781
one-two-three-v3_101
0.0 32.0 82.0 51.0 4.0 0.001074
4gt5_76
0.0 46.0 137.0 81.0 13.0 0.001978
4gt11_82
0.0 18.0 30.0 21.0 1.0 5.8E-4
alu-v3_35
0.0 18.0 42.0 21.0 2.0 7.39E-4
pm1_249
1.0 771.0 2588.0 1185.0 227.0 0.05222
square_root_7
0.0 3089.0 10475.0 4612.0 1053.0 0.683007
4mod7-v0_94
0.0 72.0 256.0 158.0 27.0 0.003344
4gt5_77
0.0 58.0 180.0 106.0 17.0 0.002817
cm152a_212
0.0 532.0 1769.0 829.0 171.0 0.03138
dc2_222
0.0 4131.0 14800.0 6953.0 1693.0 0.54548
hwb4_49
0.0 107.0 329.0 192.0 26.0 0.00447
4mod5-v1_23
1.0 32.0 84.0 42.0 5.0 0.00113
4gt4-v0_72
0.0 113.0 438.0 223.0 39.0 0.005713
alu-v2_31
1.0 198.0 619.0 339.0 42.0 0.008527
ham7_104
0.0 149.0 420.0 208.0 26.0 0.005874
sym9_148
0.0 9408.0 33461.0 16494.0 3821.0 0.635905
alu-v4_37
0.0 18.0 42.0 21.0 2.0 7.43E-4
4mod5-v1_22
0.0 11.0 21.0 12.0 0.0 4.58E-4
urf6_160
0.0 75180.0 263729.0 118041.0 30962.0 6.443552
rd53_311
0.0 124.0 355.0 174.0 23.0 0.016797
alu-v4_36
0.0 51.0 156.0 70.0 14.0 0.002299
urf5_280
0.0 23764.0 78666.0 40417.0 10167.0 1.980249
plus63mod4096_163
0.0 56329.0 201742.0 91234.0 24533.0 4.81621
hwb6_56
0.0 2952.0 10388.0 5289.0 1067.0 0.156837
4gt13-v1_93
0.0 30.0 68.0 39.0 0.0 8.39E-4
sf_274
0.0 336.0 799.0 448.0 8.0 0.011855
4gt11_84
0.0 9.0 18.0 11.0 0.0 3.3E-4
sao2_257
0.0 16864.0 56276.0 25989.0 6500.0 2.268382
hwb9_119
2.0 90955.0 317168.0 148728.0 30870.0 6.524772
4gt12-v0_86
0.0 116.0 285.0 147.0 12.0 0.003359
mini-alu_167
0.0 126.0 389.0 179.0 24.0 0.005937
mod10_176
0.0 78.0 287.0 128.0 31.0 0.003898
rd73_252
1.0 2319.0 7901.0 3644.0 726.0 0.147305
one-two-three-v1_99
0.0 59.0 177.0 97.0 15.0 0.002742
squar5_261
0.0 869.0 3102.0 1421.0 286.0 0.043377
mod5adder_127
0.0 239.0 834.0 425.0 33.0 0.010773
rd53_130
0.0 448.0 1619.0 839.0 178.0 0.021392
ising_model_10
0.0 90.0 480.0 45.0 0.0 0.002076
ising_model_13
0.0 120.0 633.0 47.0 0.0 0.00259
adr4_197
0.0 1498.0 5095.0 2607.0 597.0 0.100506
4gt13_92
0.0 30.0 66.0 38.0 0.0 0.001003
sym9_193
0.0 15232.0 53601.0 23606.0 6244.0 1.27592
sf_276
0.0 336.0 798.0 444.0 8.0 0.011768
4gt5_75
1.0 38.0 93.0 53.0 4.0 0.001196
urf3_279
1.0 60380.0 193831.0 92283.0 21569.0 5.315331
4gt11_83
0.0 14.0 23.0 16.0 0.0 5.75E-4
alu-v2_32
0.0 72.0 279.0 168.0 25.0 0.003817
urf5_158
0.0 71932.0 255859.0 120227.0 29181.0 4.536695
rd73_140
0.0 104.0 277.0 124.0 23.0 0.036284
ground_state_estimation_10
0.0 154209.0 435135.0 228877.0 12710.0 6.077632
graycode6_47
0.0 5.0 5.0 5.0 0.0 1.97E-4
f2_232
1.0 525.0 1605.0 774.0 140.0 0.032901
4gt4-v0_73
0.0 179.0 617.0 335.0 70.0 0.007825
one-two-three-v2_100
0.0 32.0 78.0 43.0 3.0 0.001174
alu-v1_29
0.0 17.0 42.0 22.0 2.0 7.49E-4
9symml_195
0.0 15232.0 53601.0 23606.0 6244.0 1.255848
rd84_253
0.0 5960.0 20583.0 9313.0 2370.0 0.887958
urf2_152
0.0 35210.0 124788.0 66980.0 14919.0 1.924382
4gt13_91
0.0 49.0 109.0 61.0 2.0 0.001634
dist_223
1.0 16624.0 54183.0 25213.0 5816.0 1.948926
rd53_131
0.0 200.0 731.0 395.0 69.0 0.010119
ham15_107
0.0 3858.0 13353.0 6238.0 1542.0 0.311158
mod8-10_178
0.0 152.0 536.0 271.0 38.0 0.006965
inc_237
0.0 4636.0 16420.0 7502.0 1789.0 0.427609
alu-v0_26
0.0 38.0 93.0 55.0 3.0 0.001746
sym9_146
0.0 148.0 400.0 153.0 36.0 0.012828
ham3_102
0.0 11.0 20.0 13.0 0.0 3.75E-4
cm82a_208
0.0 283.0 893.0 413.0 67.0 0.01269
radd_250
0.0 1405.0 5017.0 2450.0 533.0 0.10509
qft_10
0.0 90.0 169.0 32.0 4.0 0.093802
0410184_169
0.0 104.0 221.0 109.0 4.0 0.002819
4mod5-v1_24
0.0 16.0 36.0 21.0 0.0 5.49E-4
alu-bdd_288
1.0 38.0 117.0 77.0 10.0 0.001527
qft_16
0.0 240.0 328.0 45.0 4.0 2.996784
aj-e11_165
0.0 69.0 228.0 141.0 12.0 0.003143
ex2_227
0.0 275.0 920.0 465.0 93.0 0.012386
mod10_171
1.0 108.0 332.0 180.0 25.0 0.004624
misex1_241
0.0 2100.0 7057.0 3427.0 778.0 0.106309
ex3_229
0.0 175.0 623.0 340.0 45.0 0.007867
rd84_142
0.0 154.0 347.0 111.0 23.0 0.066285
mod5d2_64
0.0 25.0 68.0 44.0 5.0 0.001086