decod24-enable_126
0.0 149.0 526.0 205.0 41.0 0.009042
4mod5-v0_19
0.0 16.0 33.0 21.0 0.0 0.174122
4mod5-v0_18
0.0 31.0 78.0 40.0 3.0 0.002749
mod5d2_64
0.0 25.0 91.0 46.0 12.0 0.001671
alu-v3_35
0.0 18.0 63.0 32.0 5.0 0.001275
4gt4-v0_72
0.0 113.0 311.0 134.0 26.0 0.008624
4gt4-v0_73
0.0 179.0 635.0 284.0 27.0 0.01424
alu-v3_34
0.0 24.0 83.0 35.0 11.0 0.018289
3_17_13
0.0 17.0 60.0 47.0 8.0 0.001259
4gt4-v0_78
0.0 109.0 329.0 153.0 30.0 0.019654
4gt4-v0_79
0.0 105.0 322.0 156.0 27.0 0.014454
mod10_171
0.0 108.0 373.0 141.0 21.0 0.009092
4mod7-v1_96
0.0 72.0 226.0 93.0 1.0 0.013022
ex2_227
0.0 275.0 977.0 383.0 50.0 0.039587
mod10_176
0.0 78.0 232.0 117.0 21.0 0.00567
cycle10_2_110
0.0 2648.0 9185.0 4045.0 1016.0 0.238507
4mod5-v0_20
0.0 10.0 28.0 14.0 3.0 7.83E-4
0410184_169
0.0 104.0 289.0 130.0 18.0 0.106509
sqrt8_260
0.0 1314.0 4419.0 2162.0 343.0 0.153956
aj-e11_165
0.0 69.0 236.0 168.0 19.0 0.010721
alu-v1_28
0.0 18.0 55.0 39.0 4.0 0.00146
f2_232
0.0 525.0 1536.0 753.0 114.0 0.07898
radd_250
0.0 1405.0 5100.0 2441.0 522.0 0.162307
4gt12-v0_86
0.0 116.0 403.0 183.0 35.0 0.006465
4gt12-v0_87
0.0 112.0 329.0 151.0 30.0 0.005583
alu-v1_29
0.0 17.0 63.0 41.0 8.0 0.001792
4gt12-v0_88
0.0 86.0 254.0 108.0 19.0 0.003585
ham7_104
0.0 149.0 513.0 286.0 50.0 0.017393
C17_204
0.0 205.0 729.0 301.0 47.0 0.021792
xor5_254
0.0 5.0 10.0 5.0 1.0 5.87E-4
hwb4_49
0.0 107.0 318.0 132.0 27.0 0.024798
rd73_140
0.0 104.0 300.0 157.0 16.0 0.01643
decod24-v0_38
0.0 23.0 54.0 30.0 0.0 0.001235
rd53_131
0.0 200.0 666.0 288.0 40.0 0.031812
rd53_133
0.0 256.0 831.0 328.0 68.0 0.058205
rd53_135
0.0 134.0 388.0 173.0 35.0 0.046627
sys6-v0_111
0.0 98.0 233.0 87.0 10.0 0.030945
rd53_138
0.0 60.0 150.0 73.0 11.0 0.098146
decod24-v2_43
0.0 22.0 61.0 30.0 0.0 0.001186
hwb7_59
0.0 10681.0 34792.0 15491.0 2549.0 0.883269
rd32-v0_66
0.0 16.0 39.0 20.0 2.0 8.86E-4
sym9_146
0.0 148.0 398.0 142.0 20.0 0.061923
graycode6_47
0.0 5.0 8.0 8.0 1.0 6.53E-4
4gt13-v1_93
0.0 30.0 91.0 44.0 5.0 0.01895
wim_266
0.0 427.0 1412.0 650.0 75.0 0.057168
urf2_152
0.0 35210.0 115389.0 46509.0 9913.0 2.854276
urf2_277
0.0 10066.0 27462.0 12830.0 1970.0 0.717651
4mod5-bdd_287
0.0 31.0 103.0 41.0 8.0 0.001731
ham3_102
0.0 11.0 19.0 13.0 0.0 5.96E-4
ex-1_166
0.0 9.0 31.0 25.0 4.0 0.010157
4gt4-v0_80
0.0 79.0 228.0 113.0 16.0 0.017577
mod5mils_65
0.0 16.0 44.0 21.0 4.0 0.001192
0example
0.0 9.0 15.0 6.0 2.0 0.002434
alu-v4_36
0.0 51.0 183.0 88.0 9.0 0.018154
alu-v4_37
0.0 18.0 53.0 21.0 2.0 0.001298
ex1_226
0.0 5.0 10.0 5.0 1.0 6.63E-4
one-two-three-v0_98
0.0 65.0 237.0 103.0 19.0 0.008559
one-two-three-v0_97
0.0 128.0 425.0 163.0 30.0 0.006516
one-two-three-v3_101
0.0 32.0 101.0 48.0 13.0 0.002255
rd32_270
0.0 36.0 83.0 47.0 0.0 0.001411
dc1_220
0.0 833.0 2512.0 1260.0 174.0 0.098192
rd53_251
0.0 564.0 1953.0 1125.0 169.0 0.037464
rd53_130
0.0 448.0 1639.0 713.0 140.0 0.093328
cm42a_207
0.0 771.0 2723.0 1241.0 174.0 0.090272
rd53_311
0.0 124.0 344.0 151.0 19.0 0.032179
4mod5-v1_24
0.0 16.0 51.0 21.0 2.0 0.00124
mod5adder_127
0.0 239.0 789.0 325.0 58.0 0.027356
4_49_16
0.0 99.0 260.0 127.0 17.0 0.014253
hwb5_53
0.0 598.0 1910.0 757.0 166.0 0.030551
ex3_229
0.0 175.0 561.0 232.0 35.0 0.013763
rd84_142
0.0 154.0 357.0 137.0 20.0 0.083037
alu-v2_32
0.0 72.0 229.0 92.0 0.0 0.003056
4gt10-v1_81
0.0 66.0 173.0 93.0 11.0 0.003176
alu-v2_31
0.0 198.0 692.0 279.0 52.0 0.01431
alu-v2_30
0.0 223.0 801.0 362.0 71.0 0.013666
sym6_145
0.0 1701.0 6045.0 2408.0 577.0 0.171345
sf_276
0.0 336.0 1182.0 622.0 120.0 0.024047
decod24-v1_41
0.0 38.0 115.0 55.0 10.0 0.002192
sf_274
0.0 336.0 1169.0 451.0 69.0 0.031537
alu-v2_33
0.0 17.0 49.0 20.0 6.0 0.034485
4gt4-v1_74
0.0 119.0 356.0 161.0 17.0 0.005767
cnt3-5_180
0.0 215.0 539.0 226.0 32.0 0.170933
cm152a_212
0.0 532.0 1945.0 856.0 167.0 0.284703
cnt3-5_179
0.0 85.0 156.0 49.0 6.0 0.118049
sym6_316
0.0 123.0 348.0 169.0 34.0 0.011965
4mod5-v1_22
0.0 11.0 37.0 20.0 2.0 0.092873
4mod5-v1_23
0.0 32.0 82.0 39.0 5.0 0.001458
mini_alu_305
0.0 77.0 171.0 72.0 5.0 0.08601
alu-v0_26
0.0 38.0 121.0 53.0 6.0 0.002097
alu-bdd_288
0.0 38.0 139.0 87.0 16.0 0.002614
alu-v0_27
0.0 17.0 62.0 47.0 8.0 0.027672
4gt13_91
0.0 49.0 132.0 61.0 0.0 0.187376
4gt5_77
0.0 58.0 167.0 75.0 16.0 0.064343
4gt13_92
0.0 30.0 95.0 37.0 9.0 0.001917
4gt5_76
0.0 46.0 135.0 97.0 16.0 0.038409
4gt5_75
0.0 38.0 94.0 46.0 6.0 0.012365
one-two-three-v1_99
0.0 59.0 204.0 98.0 15.0 0.014661
4gt12-v1_89
0.0 100.0 342.0 152.0 28.0 0.00607
4gt13_90
0.0 53.0 136.0 65.0 10.0 0.002166
pm1_249
0.0 771.0 2723.0 1241.0 174.0 0.116023
ising_model_10
0.0 90.0 404.0 35.0 4.0 0.134584
misex1_241
0.0 2100.0 7485.0 3836.0 673.0 0.147621
4gt11_84
0.0 9.0 27.0 12.0 2.0 7.08E-4
mod5d1_63
0.0 13.0 29.0 13.0 0.0 0.054213
4gt11_83
0.0 14.0 34.0 16.0 4.0 0.008505
squar5_261
0.0 869.0 3090.0 1428.0 282.0 0.079963
4gt11_82
0.0 18.0 38.0 20.0 4.0 0.001086
decod24-v3_45
0.0 64.0 172.0 83.0 9.0 0.002522
rd32-v1_68
0.0 16.0 41.0 21.0 2.0 9.05E-4
hwb6_56
0.0 2952.0 8249.0 3734.0 539.0 0.169622
mini-alu_167
0.0 126.0 351.0 165.0 23.0 0.006329
one-two-three-v2_100
0.0 32.0 97.0 42.0 9.0 0.001791
4mod7-v0_94
0.0 72.0 257.0 116.0 24.0 0.021569
cm82a_208
0.0 283.0 918.0 438.0 61.0 0.039353
mod8-10_178
0.0 152.0 398.0 192.0 22.0 0.012455
mod8-10_177
0.0 196.0 517.0 250.0 17.0 0.018979
majority_239
0.0 267.0 797.0 359.0 50.0 0.084718
qft_10
0.0 90.0 146.0 32.0 2.0 0.564948
miller_11
0.0 23.0 83.0 65.0 11.0 0.001444
decod24-bdd_294
0.0 32.0 114.0 40.0 11.0 0.002196
con1_216
0.0 415.0 1454.0 751.0 122.0 0.047498