decod24-enable_126
1.0 149.0 437.0 203.0 24.0 0.020044
4mod5-v0_19
0.0 16.0 35.0 21.0 0.0 0.176434
4mod5-v0_18
7.0 31.0 93.0 40.0 6.0 0.013762
mod5d2_64
0.0 25.0 74.0 35.0 6.0 0.003998
alu-v3_35
0.0 18.0 51.0 22.0 5.0 0.002767
4gt4-v0_72
0.0 113.0 334.0 152.0 24.0 0.010532
4gt4-v0_73
0.0 179.0 541.0 226.0 34.0 0.016551
alu-v3_34
2.0 24.0 67.0 30.0 4.0 0.024779
3_17_13
2.0 17.0 36.0 22.0 0.0 0.002654
4gt4-v0_78
1.0 109.0 342.0 137.0 24.0 0.010815
4gt4-v0_79
0.0 105.0 298.0 142.0 25.0 0.009329
mod10_171
1.0 108.0 322.0 138.0 24.0 0.010265
4mod7-v1_96
2.0 72.0 222.0 93.0 13.0 0.018367
ex2_227
1.0 275.0 972.0 439.0 63.0 0.032221
mod10_176
0.0 78.0 245.0 99.0 23.0 0.014033
rd73_252
1.0 2319.0 7425.0 3193.0 708.0 0.329199
max46_240
0.0 11844.0 40363.0 17928.0 4646.0 1.550648
cycle10_2_110
1.0 2648.0 9132.0 3881.0 935.0 0.354837
4mod5-v0_20
0.0 10.0 20.0 12.0 0.0 5.23E-4
0410184_169
0.0 104.0 302.0 116.0 16.0 0.144432
sqrt8_260
1.0 1314.0 4484.0 1937.0 432.0 0.182863
sqn_258
1.0 4459.0 14700.0 6782.0 1460.0 0.727508
aj-e11_165
2.0 69.0 192.0 94.0 8.0 0.012416
alu-v1_28
2.0 18.0 39.0 22.0 1.0 0.00678
f2_232
0.0 525.0 1769.0 741.0 136.0 0.054065
radd_250
1.0 1405.0 4745.0 2175.0 391.0 0.282376
ham15_107
1.0 3858.0 12792.0 6221.0 1322.0 0.613057
4gt12-v0_86
1.0 116.0 388.0 131.0 34.0 0.012827
4gt12-v0_87
0.0 112.0 346.0 129.0 31.0 0.010631
alu-v1_29
3.0 17.0 49.0 27.0 4.0 0.003696
4gt12-v0_88
7.0 86.0 216.0 112.0 9.0 0.043498
ham7_104
1.0 149.0 451.0 216.0 30.0 0.02304
C17_204
1.0 205.0 636.0 269.0 37.0 0.018999
xor5_254
0.0 5.0 10.0 5.0 1.0 0.001057
hwb4_49
1.0 107.0 310.0 136.0 17.0 0.036943
rd73_140
1.0 104.0 258.0 129.0 19.0 0.031042
decod24-v0_38
4.0 23.0 57.0 30.0 2.0 0.008555
sym9_148
1.0 9408.0 32388.0 15617.0 3349.0 1.407963
rd53_131
1.0 200.0 675.0 265.0 45.0 0.019366
rd53_133
1.0 256.0 774.0 353.0 49.0 0.025543
urf5_280
0.0 23764.0 78136.0 40957.0 9670.0 1.520185
square_root_7
0.0 3089.0 10406.0 4521.0 1032.0 1.078743
rd53_135
1.0 134.0 377.0 162.0 27.0 0.013218
sys6-v0_111
3.0 98.0 240.0 86.0 11.0 0.086212
rd53_138
0.0 60.0 145.0 58.0 9.0 0.096903
decod24-v2_43
1.0 22.0 61.0 30.0 3.0 0.003083
rd32-v0_66
2.0 16.0 43.0 23.0 3.0 0.006989
sym9_146
1.0 148.0 385.0 140.0 25.0 0.042592
graycode6_47
0.0 5.0 5.0 5.0 0.0 4.55E-4
4gt13-v1_93
3.0 30.0 88.0 39.0 7.0 0.010891
wim_266
1.0 427.0 1428.0 607.0 92.0 0.052821
urf2_152
0.0 35210.0 125840.0 52267.0 14395.0 2.30446
urf2_277
0.0 10066.0 32655.0 17632.0 4158.0 1.386593
4mod5-bdd_287
1.0 31.0 97.0 41.0 5.0 0.004772
life_238
1.0 9800.0 33621.0 14569.0 3623.0 1.677771
ham3_102
0.0 11.0 20.0 13.0 0.0 5.48E-4
ex-1_166
0.0 9.0 19.0 12.0 0.0 0.010626
4gt4-v0_80
5.0 79.0 241.0 109.0 7.0 0.032576
mod5mils_65
2.0 16.0 35.0 21.0 0.0 0.002599
root_255
1.0 7493.0 24315.0 10702.0 2508.0 1.571966
0example
1.0 9.0 12.0 6.0 1.0 0.191693
alu-v4_36
1.0 51.0 121.0 66.0 2.0 0.022618
alu-v4_37
2.0 18.0 46.0 22.0 3.0 0.002846
ex1_226
1.0 5.0 10.0 6.0 1.0 0.001043
one-two-three-v0_98
2.0 65.0 189.0 102.0 13.0 0.008249
one-two-three-v0_97
0.0 128.0 425.0 163.0 40.0 0.012234
one-two-three-v3_101
1.0 32.0 94.0 40.0 8.0 0.006233
sym10_262
0.0 28084.0 98725.0 44913.0 11365.0 3.267435
rd32_270
2.0 36.0 96.0 55.0 4.0 0.014108
dc1_220
1.0 833.0 2860.0 1341.0 186.0 0.091639
rd53_251
1.0 564.0 1925.0 989.0 123.0 0.058911
rd53_130
1.0 448.0 1462.0 573.0 103.0 0.058837
cm42a_207
0.0 771.0 2489.0 1169.0 161.0 0.187977
rd53_311
0.0 124.0 350.0 166.0 25.0 0.018743
4mod5-v1_24
1.0 16.0 36.0 21.0 0.0 0.001537
mod5adder_127
1.0 239.0 738.0 329.0 32.0 0.033363
4_49_16
2.0 99.0 263.0 125.0 16.0 0.013947
hwb5_53
1.0 598.0 2049.0 964.0 195.0 0.059821
dc2_222
1.0 4131.0 13816.0 6519.0 1326.0 0.638415
ex3_229
0.0 175.0 579.0 272.0 29.0 0.01615
rd84_142
0.0 154.0 346.0 117.0 19.0 0.083322
alu-v2_32
3.0 72.0 251.0 104.0 7.0 0.014249
z4_268
1.0 1343.0 4665.0 2100.0 409.0 0.270325
4gt10-v1_81
4.0 66.0 210.0 84.0 14.0 0.028408
alu-v2_31
1.0 198.0 694.0 254.0 67.0 0.020148
alu-v2_30
0.0 223.0 771.0 284.0 76.0 0.023282
sym6_145
1.0 1701.0 5845.0 2174.0 508.0 0.224153
sf_276
0.0 336.0 962.0 480.0 63.0 0.029686
decod24-v1_41
1.0 38.0 88.0 50.0 1.0 0.0136
sf_274
1.0 336.0 1151.0 440.0 45.0 0.032721
alu-v2_33
2.0 17.0 40.0 22.0 1.0 0.03822
4gt4-v1_74
1.0 119.0 395.0 153.0 13.0 0.016539
co14_215
1.0 7840.0 24345.0 9938.0 2597.0 3.356279
cnt3-5_180
0.0 215.0 613.0 243.0 39.0 0.04818
cm152a_212
0.0 532.0 1748.0 950.0 145.0 0.292652
cnt3-5_179
1.0 85.0 195.0 60.0 9.0 0.03024
sym6_316
0.0 123.0 364.0 166.0 25.0 0.014881
4mod5-v1_22
1.0 11.0 21.0 12.0 0.0 0.092714
4mod5-v1_23
0.0 32.0 102.0 41.0 8.0 0.01234
mini_alu_305
7.0 77.0 189.0 76.0 8.0 0.134799
mlp4_245
0.0 8232.0 28098.0 13040.0 2999.0 1.584881
alu-v0_26
1.0 38.0 120.0 59.0 8.0 0.006963
alu-bdd_288
3.0 38.0 105.0 52.0 7.0 0.014726
alu-v0_27
0.0 17.0 45.0 21.0 1.0 0.036199
qft_16
1.0 240.0 314.0 34.0 3.0 7.917065
hwb8_113
0.0 30372.0 110357.0 51278.0 12301.0 2.579876
urf1_149
0.0 80878.0 279936.0 111040.0 30726.0 5.562436
4gt13_91
3.0 49.0 115.0 61.0 4.0 0.199899
4gt5_77
2.0 58.0 178.0 73.0 14.0 0.062335
4gt13_92
3.0 30.0 77.0 38.0 4.0 0.00581
4gt5_76
3.0 46.0 132.0 56.0 3.0 0.009142
4gt5_75
4.0 38.0 88.0 47.0 2.0 0.012729
one-two-three-v1_99
2.0 59.0 180.0 122.0 12.0 0.011571
4gt12-v1_89
2.0 100.0 263.0 135.0 3.0 0.01315
4gt13_90
1.0 53.0 131.0 65.0 6.0 0.00929
plus63mod8192_164
0.0 81865.0 292622.0 139276.0 35257.0 8.749968
pm1_249
1.0 771.0 2478.0 1183.0 205.0 0.096864
ising_model_10
2.0 90.0 441.0 38.0 0.0 0.010426
ising_model_13
0.0 120.0 633.0 47.0 0.0 0.004392
urf1_278
0.0 26692.0 86553.0 41311.0 10836.0 2.688779
misex1_241
1.0 2100.0 7047.0 3490.0 496.0 0.20958
4gt11_84
2.0 9.0 18.0 11.0 0.0 0.001546
mod5d1_63
0.0 13.0 27.0 13.0 2.0 0.069664
4gt11_83
3.0 14.0 23.0 16.0 0.0 0.007711
ising_model_16
1.0 150.0 786.0 52.0 0.0 0.038304
squar5_261
1.0 869.0 2763.0 1260.0 225.0 0.13198
4gt11_82
3.0 18.0 30.0 20.0 1.0 0.006027
decod24-v3_45
5.0 64.0 190.0 84.0 14.0 0.022817
adr4_197
1.0 1498.0 4918.0 2153.0 436.0 0.316455
rd32-v1_68
0.0 16.0 45.0 21.0 3.0 0.003021
hwb6_56
1.0 2952.0 10085.0 4080.0 951.0 0.332248
mini-alu_167
0.0 126.0 453.0 161.0 43.0 0.013362
one-two-three-v2_100
1.0 32.0 81.0 40.0 3.0 0.013602
4mod7-v0_94
2.0 72.0 176.0 91.0 5.0 0.008856
cm82a_208
1.0 283.0 878.0 356.0 32.0 0.033754
cm85a_209
1.0 4986.0 16797.0 7722.0 1719.0 0.976004
rd84_253
1.0 5960.0 19708.0 8721.0 1933.0 1.068429
mod8-10_178
1.0 152.0 509.0 191.0 29.0 0.02528
mod8-10_177
1.0 196.0 716.0 324.0 48.0 0.025384
dist_223
0.0 16624.0 56249.0 24354.0 6571.0 1.783603
majority_239
1.0 267.0 820.0 394.0 31.0 0.027424
inc_237
1.0 4636.0 15668.0 7528.0 1421.0 0.681381
qft_10
2.0 90.0 153.0 29.0 2.0 0.713285
miller_11
0.0 23.0 86.0 49.0 11.0 0.005504
decod24-bdd_294
0.0 32.0 85.0 40.0 4.0 0.004302
con1_216
0.0 415.0 1416.0 556.0 102.0 0.076054