4gt13_92
0.000000 30.000000 66.000000 38.000000 0.000000 0.002394
one-two-three-v0_97
86.000000 128.000000 357.000000 163.000000 23.000000 1.156048
mod5adder_127
84.000000 239.000000 675.000000 300.000000 42.000000 5.116137
4mod5-v1_24
0.000000 16.000000 36.000000 21.000000 0.000000 0.001544
rd53_251
2.000000 564.000000 1574.000000 838.000000 99.000000 2.826000
decod24-v0_38
0.000000 23.000000 51.000000 30.000000 0.000000 0.001797
wim_266
23.000000 427.000000 1008.000000 442.000000 69.000000 7.231784
dc2_222
0.000000 4131.000000 11724.000000 5271.000000 1289.000000 24.297723
alu-v4_36
49.000000 51.000000 77.000000 44.000000 0.000000 0.280601
sym6_316
377.000000 123.000000 212.000000 93.000000 14.000000 205.709195
mod10_171
6.000000 108.000000 304.000000 160.000000 20.000000 0.990706
pm1_249
6.000000 771.000000 1722.000000 817.000000 110.000000 38.267155
alu-v1_29
16.000000 17.000000 28.000000 16.000000 0.000000 0.039777
f2_232
74.000000 525.000000 1401.000000 650.000000 81.000000 29.635329
4gt4-v0_73
28.000000 179.000000 387.000000 239.000000 25.000000 3.763873
radd_250
13.000000 1405.000000 3270.000000 1233.000000 307.000000 83.041160
ising_model_13
0.000000 120.000000 633.000000 45.000000 0.000000 0.004875
alu-v1_28
14.000000 18.000000 25.000000 15.000000 0.000000 0.042155
sqrt8_260
18.000000 1314.000000 2844.000000 1057.000000 205.000000 124.241540
decod24-enable_126
2.000000 149.000000 421.000000 212.000000 29.000000 6.553527
mod8-10_177
51.000000 196.000000 438.000000 209.000000 21.000000 4.063561
sym9_146
13.000000 148.000000 174.000000 61.000000 7.000000 29.893734
con1_216
17.000000 415.000000 1066.000000 512.000000 70.000000 22.444002
3_17_13
0.000000 17.000000 36.000000 22.000000 0.000000 0.001636
rd53_130
99.000000 448.000000 989.000000 354.000000 78.000000 52.339350
adr4_197
12.000000 1498.000000 3014.000000 1106.000000 226.000000 111.987530
urf1_149
58.000000 80878.000000 257416.000000 128950.000000 25776.000000 3297.463327
rd53_138
55.000000 60.000000 129.000000 52.000000 6.000000 9.284427
square_root_7
30.000000 3089.000000 8309.000000 3789.000000 658.000000 487.401110
alu-v2_31
15.000000 198.000000 326.000000 185.000000 0.000000 0.720096
alu-v4_37
16.000000 18.000000 27.000000 16.000000 0.000000 0.038808
rd53_135
49.000000 134.000000 313.000000 168.000000 23.000000 7.899159
ex1_226
0.000000 5.000000 7.000000 5.000000 0.000000 0.001246
rd84_253
1.000000 5960.000000 14962.000000 5492.000000 1438.000000 413.995911
cnt3-5_179
8.000000 85.000000 142.000000 38.000000 1.000000 1.324439
ex2_227
29.000000 275.000000 635.000000 289.000000 45.000000 10.361825
rd53_133
59.000000 256.000000 698.000000 346.000000 42.000000 14.636594
rd73_252
23.000000 2319.000000 5756.000000 2309.000000 551.000000 90.308827
ising_model_10
0.000000 90.000000 480.000000 53.000000 0.000000 0.005277
4gt5_75
15.000000 38.000000 58.000000 32.000000 0.000000 0.160826
sym9_193
5.000000 15232.000000 41804.000000 16758.000000 4402.000000 904.191694
4mod7-v1_96
49.000000 72.000000 125.000000 70.000000 0.000000 0.402825
urf2_277
53.000000 10066.000000 28747.000000 14885.000000 3350.000000 758.904954
sym9_148
17.000000 9408.000000 24385.000000 11294.000000 2183.000000 344.107152
urf3_155
7.000000 185276.000000 575788.000000 258615.000000 59939.000000 4493.130556
4gt13_91
12.000000 49.000000 124.000000 61.000000 7.000000 0.398290
rd32_270
17.000000 36.000000 73.000000 38.000000 0.000000 0.103392
rd32-v1_68
0.000000 16.000000 36.000000 21.000000 0.000000 0.001512
4gt4-v0_79
15.000000 105.000000 227.000000 143.000000 13.000000 1.921885
alu-v2_32
111.000000 72.000000 207.000000 91.000000 15.000000 0.778311
4mod5-bdd_287
26.000000 31.000000 53.000000 31.000000 0.000000 0.162035
one-two-three-v0_98
15.000000 65.000000 161.000000 90.000000 10.000000 0.459206
decod24-v3_45
17.000000 64.000000 118.000000 64.000000 0.000000 0.257713
life_238
11.000000 9800.000000 26279.000000 10485.000000 2528.000000 723.847679
co14_215
5.000000 7840.000000 18509.000000 6623.000000 1751.000000 349.659821
ground_state_estimation_10
0.000000 154209.000000 367719.000000 163528.000000 6103.000000 6843.696450
4mod5-v0_19
0.000000 16.000000 35.000000 21.000000 0.000000 0.184968
inc_237
1.000000 4636.000000 12390.000000 5812.000000 1046.000000 54.995482
one-two-three-v1_99
49.000000 59.000000 95.000000 55.000000 0.000000 0.314877
4gt12-v1_89
52.000000 100.000000 199.000000 99.000000 8.000000 2.045917
rd73_140
41.000000 104.000000 154.000000 48.000000 7.000000 27.566594
ham3_102
0.000000 11.000000 20.000000 13.000000 0.000000 0.001362
hwb9_119
21.000000 90955.000000 291211.000000 122020.000000 31187.000000 1370.213242
4mod5-v1_22
0.000000 11.000000 21.000000 12.000000 0.000000 0.100390
rd32-v0_66
0.000000 16.000000 34.000000 20.000000 0.000000 0.001728
sqn_258
20.000000 4459.000000 12217.000000 4906.000000 1217.000000 140.646587
rd84_142
20.000000 154.000000 177.000000 49.000000 6.000000 102.265396
4gt13_90
12.000000 53.000000 128.000000 65.000000 7.000000 0.199212
root_255
16.000000 7493.000000 17513.000000 6821.000000 1432.000000 749.884290
urf1_278
4.000000 26692.000000 75522.000000 39073.000000 8428.000000 1775.375033
hwb4_49
12.000000 107.000000 277.000000 134.000000 15.000000 1.326362
4gt12-v0_87
92.000000 112.000000 298.000000 130.000000 19.000000 3.136896
misex1_241
5.000000 2100.000000 4469.000000 2048.000000 322.000000 74.873852
4mod5-v0_18
58.000000 31.000000 52.000000 29.000000 0.000000 0.296326
4mod5-v0_20
0.000000 10.000000 20.000000 12.000000 0.000000 0.001403
rd53_131
30.000000 200.000000 523.000000 256.000000 32.000000 7.952871
sym10_262
11.000000 28084.000000 78651.000000 31362.000000 7854.000000 1358.176561
plus63mod8192_164
5.000000 81865.000000 235392.000000 113085.000000 24042.000000 1556.282147
mini_alu_305
189.000000 77.000000 131.000000 53.000000 3.000000 28.019349
clip_206
4.000000 14772.000000 39409.000000 16955.000000 3805.000000 313.284182
ham7_104
12.000000 149.000000 380.000000 193.000000 25.000000 4.093742
decod24-bdd_294
2.000000 32.000000 81.000000 45.000000 3.000000 0.625368
z4_268
2.000000 1343.000000 3155.000000 1215.000000 278.000000 105.117956
sym6_145
5.000000 1701.000000 4878.000000 2412.000000 346.000000 76.006538
dist_223
20.000000 16624.000000 41962.000000 17457.000000 3962.000000 1342.544968
urf2_152
4.000000 35210.000000 108935.000000 53291.000000 9838.000000 916.827409
alu-v2_33
16.000000 17.000000 28.000000 16.000000 0.000000 0.075763
alu-bdd_288
58.000000 38.000000 99.000000 49.000000 9.000000 1.100008
graycode6_47
0.000000 5.000000 5.000000 5.000000 0.000000 0.001246
4gt13-v1_93
0.000000 30.000000 68.000000 39.000000 0.000000 0.001785
cm82a_208
58.000000 283.000000 643.000000 307.000000 20.000000 26.954870
4mod5-v1_23
58.000000 32.000000 51.000000 30.000000 0.000000 0.286822
one-two-three-v3_101
23.000000 32.000000 81.000000 40.000000 4.000000 0.117925
cm42a_207
6.000000 771.000000 1722.000000 817.000000 110.000000 38.539925
qft_16
0.000000 240.000000 266.000000 11.000000 0.000000 10.214190
hwb8_113
52.000000 30372.000000 85450.000000 36825.000000 8763.000000 1265.297237
alu-v0_27
16.000000 17.000000 26.000000 15.000000 0.000000 0.068680
aj-e11_165
16.000000 69.000000 162.000000 91.000000 7.000000 0.525701
4gt12-v0_88
12.000000 86.000000 149.000000 80.000000 1.000000 1.408776
cm85a_209
10.000000 4986.000000 11458.000000 4564.000000 920.000000 413.702439
0example
19.000000 9.000000 3.000000 3.000000 0.000000 0.039821
4gt12-v0_86
92.000000 116.000000 305.000000 134.000000 20.000000 3.191206
max46_240
8.000000 11844.000000 30164.000000 12805.000000 2971.000000 434.849916
mod8-10_178
59.000000 152.000000 306.000000 151.000000 10.000000 2.500736
miller_11
0.000000 23.000000 50.000000 29.000000 0.000000 0.001920
C17_204
48.000000 205.000000 379.000000 175.000000 27.000000 10.655354
4gt5_76
49.000000 46.000000 59.000000 35.000000 0.000000 0.246887
decod24-v1_41
14.000000 38.000000 75.000000 42.000000 0.000000 0.055214
cycle10_2_110
8.000000 2648.000000 6490.000000 2752.000000 579.000000 315.372745
urf5_158
16.000000 71932.000000 214281.000000 90250.000000 22739.000000 4222.445339
urf3_279
13.000000 60380.000000 178103.000000 77758.000000 19910.000000 1422.300023
4gt5_77
52.000000 58.000000 97.000000 54.000000 0.000000 0.299058
ham15_107
0.000000 3858.000000 11365.000000 5410.000000 1269.000000 12.600985
majority_239
47.000000 267.000000 550.000000 238.000000 25.000000 16.464748
urf6_160
3.000000 75180.000000 215666.000000 89778.000000 22957.000000 1387.817090
plus63mod4096_163
5.000000 56329.000000 154073.000000 66287.000000 15920.000000 4014.929679
mod5d1_63
0.000000 13.000000 22.000000 13.000000 0.000000 0.063891
sf_274
84.000000 336.000000 870.000000 435.000000 31.000000 5.672662
ising_model_16
0.000000 150.000000 786.000000 45.000000 0.000000 0.005254
decod24-v2_43
0.000000 22.000000 52.000000 30.000000 0.000000 0.001683
alu-v0_26
58.000000 38.000000 65.000000 37.000000 0.000000 0.295564
4gt10-v1_81
14.000000 66.000000 128.000000 69.000000 5.000000 0.676447
hwb7_59
40.000000 10681.000000 33460.000000 13550.000000 3220.000000 517.918135
4gt11_83
0.000000 14.000000 23.000000 16.000000 0.000000 0.008600
4gt4-v1_74
49.000000 119.000000 308.000000 158.000000 17.000000 2.118090
ex3_229
34.000000 175.000000 423.000000 225.000000 7.000000 4.396565
mod5d2_64
37.000000 25.000000 65.000000 32.000000 4.000000 0.108177
sys6-v0_111
97.000000 98.000000 128.000000 33.000000 6.000000 67.106696
sf_276
62.000000 336.000000 875.000000 445.000000 33.000000 5.423385
4mod7-v0_94
15.000000 72.000000 124.000000 68.000000 0.000000 0.302862
alu-v3_35
14.000000 18.000000 27.000000 16.000000 0.000000 0.037338
4gt4-v0_78
54.000000 109.000000 251.000000 134.000000 6.000000 1.410312
dc1_220
4.000000 833.000000 1654.000000 670.000000 94.000000 24.218759
mini-alu_167
19.000000 126.000000 369.000000 218.000000 27.000000 1.201204
qft_10
18.000000 90.000000 135.000000 21.000000 0.000000 17.448485
0410184_169
0.000000 104.000000 181.000000 90.000000 0.000000 0.273772
sao2_257
6.000000 16864.000000 43957.000000 19678.000000 4285.000000 1259.726898
squar5_261
3.000000 869.000000 1988.000000 878.000000 139.000000 53.537422
4_49_16
15.000000 99.000000 160.000000 91.000000 0.000000 0.404605
xor5_254
0.000000 5.000000 7.000000 5.000000 0.000000 0.001236
4gt11_84
0.000000 9.000000 18.000000 11.000000 0.000000 0.001291
mlp4_245
0.000000 8232.000000 23424.000000 10308.000000 2496.000000 34.174187
hwb6_56
92.000000 2952.000000 8401.000000 3705.000000 589.000000 158.209070
mod10_176
6.000000 78.000000 219.000000 127.000000 14.000000 0.795716
4gt11_82
14.000000 18.000000 21.000000 14.000000 0.000000 0.030342
4gt4-v0_72
58.000000 113.000000 247.000000 125.000000 8.000000 3.044122
alu-v2_30
1.000000 223.000000 589.000000 284.000000 29.000000 4.993615
9symml_195
5.000000 15232.000000 41804.000000 16758.000000 4402.000000 904.283163
ex-1_166
0.000000 9.000000 19.000000 12.000000 0.000000 0.014235
hwb5_53
16.000000 598.000000 1624.000000 809.000000 102.000000 4.225531
4gt4-v0_80
12.000000 79.000000 141.000000 73.000000 2.000000 1.402507
cnt3-5_180
21.000000 215.000000 288.000000 102.000000 13.000000 96.139471
rd53_311
24.000000 124.000000 222.000000 88.000000 11.000000 45.038719
urf4_187
1.000000 224028.000000 522605.000000 192843.000000 42036.000000 6614.868611
cm152a_212
40.000000 532.000000 1448.000000 631.000000 102.000000 27.255691
urf5_280
11.000000 23764.000000 69147.000000 36214.000000 7150.000000 1148.335087
alu-v3_34
53.000000 24.000000 38.000000 21.000000 0.000000 0.205533
mod5mils_65
0.000000 16.000000 35.000000 21.000000 0.000000 0.001754
one-two-three-v2_100
16.000000 32.000000 61.000000 35.000000 0.000000 0.038544
