decod24-enable_126
0.0 149.0 422.0 197.0 27.0 0.778217
4mod5-v0_19
0.0 16.0 35.0 21.0 0.0 0.177516
4mod5-v0_18
2.0 31.0 84.0 40.0 5.0 0.154513
mod5d2_64
0.0 25.0 65.0 32.0 4.0 0.118296
alu-v3_35
0.0 18.0 49.0 22.0 4.0 0.094036
4gt4-v0_72
9.0 113.0 283.0 143.0 9.0 0.582739
4gt4-v0_73
30.0 179.0 491.0 227.0 30.0 0.912067
alu-v3_34
64.0 24.0 58.0 33.0 2.0 0.146272
3_17_13
0.0 17.0 36.0 22.0 0.0 0.001385
4gt4-v0_78
0.0 109.0 251.0 134.0 6.0 0.500098
4gt4-v0_79
2.0 105.0 281.0 148.0 17.0 0.53996
mod10_171
2.0 108.0 304.0 139.0 20.0 0.468976
4mod7-v1_96
96.0 72.0 221.0 94.0 12.0 0.364188
ex2_227
15.0 275.0 786.0 350.0 38.0 1.43938
mod10_176
2.0 78.0 219.0 101.0 14.0 0.361092
rd73_252
9.0 2319.0 7061.0 3526.0 555.0 2.999468
max46_240
10.0 11844.0 37741.0 19166.0 3594.0 15.958962
cycle10_2_110
0.0 2648.0 9299.0 4298.0 926.0 0.220796
4mod5-v0_20
0.0 10.0 20.0 12.0 0.0 0.004972
0410184_169
5.0 104.0 238.0 114.0 11.0 0.032235
sqrt8_260
5.0 1314.0 4055.0 1995.0 318.0 2.253841
urf4_187
12.0 224028.0 695948.0 307471.0 49299.0 262.140099
sqn_258
9.0 4459.0 14061.0 7003.0 1169.0 6.038312
aj-e11_165
9.0 69.0 174.0 86.0 8.0 0.316642
alu-v1_28
7.0 18.0 48.0 22.0 4.0 0.413676
f2_232
44.0 525.0 1541.0 813.0 89.0 2.626391
radd_250
20.0 1405.0 4440.0 2014.0 340.0 2.29427
ham15_107
0.0 3858.0 12558.0 5759.0 1236.0 0.478734
4gt12-v0_86
0.0 116.0 333.0 134.0 19.0 0.592808
4gt12-v0_87
0.0 112.0 326.0 130.0 18.0 0.572999
alu-v1_29
0.0 17.0 49.0 22.0 4.0 0.09218
4gt12-v0_88
20.0 86.0 220.0 108.0 3.0 0.418183
ham7_104
18.0 149.0 397.0 220.0 25.0 0.712608
C17_204
46.0 205.0 582.0 295.0 32.0 1.15554
xor5_254
0.0 5.0 7.0 5.0 0.0 3.87E-4
hwb4_49
1.0 107.0 277.0 134.0 15.0 0.447562
rd73_140
76.0 104.0 261.0 108.0 12.0 0.718003
sao2_257
15.0 16864.0 52216.0 23765.0 5047.0 23.336614
decod24-v0_38
0.0 23.0 51.0 30.0 0.0 0.00155
sym9_148
13.0 9408.0 28975.0 15397.0 2256.0 12.416057
rd53_131
12.0 200.0 574.0 278.0 34.0 1.067684
rd53_133
43.0 256.0 698.0 361.0 39.0 1.390446
urf5_280
52.0 23764.0 74397.0 38567.0 6744.0 102.204186
square_root_7
11.0 3089.0 11316.0 4739.0 1316.0 16.759617
rd53_135
57.0 134.0 368.0 158.0 25.0 0.849216
sys6-v0_111
67.0 98.0 206.0 77.0 11.0 1.319745
rd53_138
98.0 60.0 144.0 56.0 3.0 0.552366
decod24-v2_43
0.0 22.0 52.0 30.0 0.0 0.101042
hwb7_59
41.0 10681.0 34982.0 17735.0 2809.0 38.777328
rd32-v0_66
0.0 16.0 34.0 20.0 0.0 0.001217
sym9_146
34.0 148.0 346.0 134.0 18.0 0.674243
graycode6_47
0.0 5.0 5.0 5.0 0.0 0.04153
4gt13-v1_93
0.0 30.0 68.0 39.0 0.0 0.004475
wim_266
17.0 427.0 1224.0 582.0 66.0 0.517646
urf2_152
10.0 35210.0 115209.0 54266.0 9498.0 126.922659
urf5_158
36.0 71932.0 237579.0 109038.0 20833.0 257.26665
urf2_277
66.0 10066.0 29575.0 15729.0 3152.0 44.326639
4mod5-bdd_287
4.0 31.0 74.0 41.0 2.0 0.161399
life_238
23.0 9800.0 32027.0 14992.0 2845.0 15.573738
ham3_102
0.0 11.0 20.0 13.0 0.0 0.001145
ex-1_166
0.0 9.0 19.0 12.0 0.0 0.014275
4gt4-v0_80
20.0 79.0 208.0 101.0 10.0 0.396541
mod5mils_65
0.0 16.0 35.0 21.0 0.0 0.001015
root_255
12.0 7493.0 23070.0 10288.0 1919.0 13.197565
0example
36.0 9.0 7.0 4.0 0.0 0.017631
alu-v4_36
14.0 51.0 138.0 66.0 8.0 0.239812
alu-v4_37
0.0 18.0 49.0 22.0 4.0 0.093981
ex1_226
0.0 5.0 7.0 5.0 0.0 0.020546
one-two-three-v0_98
5.0 65.0 177.0 81.0 11.0 0.313337
one-two-three-v0_97
8.0 128.0 357.0 163.0 23.0 0.606144
9symml_195
0.0 15232.0 50944.0 23391.0 5381.0 1.40306
one-two-three-v3_101
4.0 32.0 82.0 40.0 4.0 0.145534
sym10_262
15.0 28084.0 91585.0 41151.0 8828.0 49.709924
rd32_270
74.0 36.0 90.0 53.0 2.0 0.171411
dc1_220
1.0 833.0 2432.0 1213.0 150.0 0.523148
rd53_251
9.0 564.0 1654.0 832.0 119.0 1.094944
rd53_130
88.0 448.0 1305.0 615.0 83.0 2.685327
cm42a_207
22.0 771.0 2267.0 1095.0 132.0 0.811351
rd53_311
27.0 124.0 318.0 151.0 19.0 1.626991
4mod5-v1_24
0.0 16.0 36.0 21.0 0.0 0.00187
mod5adder_127
66.0 239.0 719.0 323.0 46.0 1.240922
4_49_16
0.0 99.0 264.0 125.0 16.0 0.429222
hwb5_53
20.0 598.0 1647.0 816.0 96.0 3.145599
dc2_222
0.0 4131.0 13487.0 6260.0 1199.0 0.338319
ex3_229
7.0 175.0 423.0 225.0 7.0 0.712401
rd84_142
21.0 154.0 310.0 107.0 11.0 2.544379
alu-v2_32
12.0 72.0 213.0 139.0 17.0 0.338472
z4_268
7.0 1343.0 4028.0 1916.0 313.0 1.891906
4gt10-v1_81
2.0 66.0 192.0 84.0 15.0 0.321759
alu-v2_31
7.0 198.0 601.0 301.0 49.0 0.936265
alu-v2_30
6.0 223.0 607.0 317.0 28.0 1.151617
sym6_145
40.0 1701.0 4925.0 2314.0 239.0 10.024259
sf_276
3.0 336.0 892.0 490.0 33.0 1.732117
decod24-v1_41
59.0 38.0 94.0 56.0 3.0 0.17854
sf_274
13.0 336.0 929.0 455.0 18.0 1.60351
alu-v2_33
0.0 17.0 49.0 22.0 4.0 0.12949
4gt4-v1_74
20.0 119.0 326.0 158.0 9.0 0.609092
co14_215
0.0 7840.0 24483.0 10156.0 2321.0 1.047947
cnt3-5_180
6.0 215.0 526.0 229.0 29.0 0.85235
cm152a_212
10.0 532.0 1607.0 681.0 82.0 1.740229
cnt3-5_179
0.0 85.0 179.0 60.0 4.0 0.046232
sym6_316
49.0 123.0 316.0 150.0 14.0 4.611321
4mod5-v1_22
0.0 11.0 21.0 12.0 0.0 0.099507
4mod5-v1_23
2.0 32.0 84.0 41.0 5.0 0.158945
mini_alu_305
138.0 77.0 171.0 72.0 4.0 1.48
mlp4_245
0.0 8232.0 27057.0 12419.0 2715.0 0.773521
alu-v0_26
5.0 38.0 111.0 49.0 9.0 0.200603
alu-bdd_288
48.0 38.0 107.0 53.0 8.0 0.223766
alu-v0_27
0.0 17.0 48.0 21.0 4.0 0.122257
qft_16
0.0 240.0 315.0 36.0 1.0 3.331268
hwb8_113
0.0 30372.0 104883.0 51284.0 11112.0 2.467489
urf1_149
52.0 80878.0 265961.0 128622.0 22667.0 289.950683
plus63mod4096_163
12.0 56329.0 187558.0 87093.0 17395.0 92.698432
urf3_155
3.0 185276.0 616522.0 302113.0 60106.0 233.7024
urf3_279
12.0 60380.0 187722.0 99676.0 20461.0 105.123903
4gt13_91
6.0 49.0 124.0 69.0 7.0 0.394133
4gt5_77
7.0 58.0 160.0 78.0 11.0 0.334773
4gt13_92
0.0 30.0 66.0 38.0 0.0 0.003081
hwb9_119
3.0 90955.0 304002.0 152107.0 29939.0 121.003019
4gt5_76
21.0 46.0 116.0 59.0 9.0 0.209262
4gt5_75
11.0 38.0 115.0 47.0 10.0 0.254597
one-two-three-v1_99
14.0 59.0 161.0 76.0 10.0 0.280736
4gt12-v1_89
12.0 100.0 261.0 140.0 11.0 0.473624
4gt13_90
6.0 53.0 128.0 73.0 7.0 0.228778
plus63mod8192_164
0.0 81865.0 273111.0 131732.0 27968.0 33.900737
pm1_249
22.0 771.0 2267.0 1095.0 132.0 0.809632
sym9_193
19.0 15232.0 49574.0 23005.0 4626.0 23.256923
ising_model_10
0.0 90.0 480.0 45.0 0.0 1.660182
ising_model_13
0.0 120.0 633.0 47.0 0.0 7.616198
urf1_278
29.0 26692.0 82258.0 42742.0 8127.0 120.023178
misex1_241
2.0 2100.0 6392.0 3192.0 352.0 0.612697
4gt11_84
0.0 9.0 18.0 11.0 0.0 4.46E-4
mod5d1_63
0.0 13.0 22.0 13.0 0.0 0.061337
4gt11_83
0.0 14.0 23.0 16.0 0.0 0.009223
ising_model_16
1.0 150.0 786.0 52.0 0.0 2.557079
squar5_261
12.0 869.0 2496.0 1163.0 139.0 1.089134
4gt11_82
0.0 18.0 30.0 20.0 1.0 0.072769
decod24-v3_45
7.0 64.0 190.0 84.0 14.0 0.311473
ground_state_estimation_10
4.0 154209.0 437783.0 225851.0 14016.0 139.722576
adr4_197
0.0 1498.0 4905.0 2413.0 429.0 0.090117
rd32-v1_68
0.0 16.0 36.0 21.0 0.0 0.001249
hwb6_56
42.0 2952.0 9023.0 3902.0 604.0 17.422897
mini-alu_167
18.0 126.0 369.0 169.0 27.0 0.733979
one-two-three-v2_100
1.0 32.0 78.0 40.0 3.0 0.139765
4mod7-v0_94
20.0 72.0 196.0 96.0 13.0 0.335992
clip_206
0.0 14772.0 48021.0 21618.0 4633.0 1.066613
cm82a_208
107.0 283.0 749.0 388.0 27.0 1.608196
cm85a_209
0.0 4986.0 15635.0 7723.0 1423.0 0.273622
rd84_253
16.0 5960.0 19043.0 8432.0 1770.0 10.789261
mod8-10_178
20.0 152.0 392.0 195.0 13.0 0.720153
mod8-10_177
4.0 196.0 514.0 275.0 25.0 0.921691
dist_223
0.0 16624.0 53755.0 24218.0 4906.0 1.416172
majority_239
64.0 267.0 756.0 340.0 30.0 1.584271
inc_237
1.0 4636.0 14628.0 7023.0 1241.0 0.503464
qft_10
3.0 90.0 165.0 36.0 2.0 1.74959
miller_11
0.0 23.0 50.0 29.0 0.0 0.001736
decod24-bdd_294
2.0 32.0 82.0 40.0 3.0 0.145996
urf6_160
1.0 75180.0 248575.0 111546.0 25764.0 26.669694
con1_216
17.0 415.0 1250.0 629.0 66.0 0.574238